256
90
0
0
0
0
0
0
0
0
0
0
0
0
107
0
0
0
0
0
0
0
0
190
0
0
0
0
0
283
0
0
0
0
0
502
0
0
0
646
0
0
0
644
0
0
0
575
0
0
0
512
0
0
484
0
0
460
0
0
444
0
385
0
0
441
0
434
0
0
469
0
463
0
461
0
447
0
541
0
511
0
554
0
506
0
539
587
0
592
0
549
0
617
618
0
613
663
0
679
767
0
736
812
0
817
867
855
0
893
1005
1050
0
1082
1114
1160
1176
0
1248
1343
1344
1360
1404
1491
0
1444
1517
1555
1607
1642
1658
1649
1651
1614
1717
1598
1654
1567
1544
1633
1644
1536
1468
1457
1437
1444
1351
1360
1294
2511
1160
1201
1166
1139
1070
1019
1912
875
870
830
1706
796
779
779
1409
668
632
629
1205
568
596
1117
573
555
1048
584
1034
500
513
994
485
991
483
985
448
505
1011
484
977
482
960
929
485
910
434
967
501
950
968
455
951
921
439
892
919
457
927
965
487
944
886
839
428
876
841
846
857
788
429
773
788
830
788
807
758
687
355
678
613
634
596
582
532
476
441
455
434
403
408
617
364
437
416
415
366
326
307
369
199
192
185
177
268
239
402
808
3565
