256
12
0
0
0
0
0
0
0
0
0
0
0
0
20
0
0
0
0
0
0
0
0
26
0
0
0
0
0
32
0
0
0
0
0
42
0
0
0
54
0
0
0
67
0
0
0
51
0
0
0
74
0
0
53
0
0
66
0
0
59
0
55
0
0
58
0
49
0
0
72
0
68
0
60
0
75
0
83
0
76
0
83
0
96
0
88
84
0
95
0
105
0
99
117
0
95
126
0
134
145
0
133
140
0
151
150
145
0
173
179
170
0
200
199
216
225
0
258
246
256
276
282
297
0
306
323
364
350
385
362
398
418
449
496
473
486
538
530
544
577
542
538
567
601
648
626
664
673
1611
830
929
925
971
981
984
2016
1107
1034
1108
2326
1074
1110
1107
2041
894
955
918
1822
879
854
1844
932
976
2128
1007
2094
1068
1009
2111
1011
2082
1062
2195
1124
1037
2216
1082
2100
1045
2013
1836
928
1761
851
1767
811
1688
1708
816
1569
1468
674
1266
1212
579
1028
986
466
966
951
894
462
795
783
758
703
655
277
614
518
474
400
423
371
342
151
294
260
240
247
194
152
133
121
106
79
71
77
73
54
43
30
34
40
46
42
50
23
42
103
173
482
604
1084
2487
40481
