256
0
0
0
0
0
0
0
0
0
0
0
0
0
0
0
0
0
0
0
0
0
0
0
0
0
0
0
0
0
0
0
0
0
0
0
0
0
0
0
0
0
0
0
0
0
0
0
0
0
0
0
0
0
0
0
0
0
0
0
0
0
0
0
0
0
0
0
0
0
0
0
0
0
0
0
0
0
1
0
0
0
5
0
7
0
24
36
0
80
0
139
0
230
286
0
272
250
0
252
278
0
261
297
0
240
234
286
0
315
255
321
0
322
302
275
313
0
329
410
483
602
611
652
0
784
927
1142
1383
1509
1683
1733
1766
1726
1839
1923
1935
1927
1882
1909
1808
1710
1673
1534
1512
1505
1487
1439
1552
2805
1315
1289
1283
1245
1232
1242
2371
1133
1159
1141
2352
1059
1010
1048
1908
883
862
837
1711
827
868
1635
823
788
1686
818
1681
843
850
1644
829
1643
853
1752
780
714
1555
725
1452
745
1346
1419
686
1333
675
1205
581
1194
1172
539
1147
1249
627
1285
1357
728
1309
1148
642
1241
1372
1451
663
1506
1738
1420
1192
1236
570
1083
908
703
701
674
778
885
411
804
674
823
949
965
1021
1067
865
787
806
732
884
1003
307
248
256
275
272
283
298
479
344
310
344
359
565
407
515
652
881
