256
0
0
0
0
0
0
0
0
0
0
0
0
0
0
0
0
0
0
0
0
0
0
0
0
0
0
0
0
0
0
0
0
0
0
0
0
0
0
0
0
0
0
0
0
0
0
0
0
0
0
0
0
0
0
0
0
0
0
0
0
0
0
0
0
0
0
0
0
0
0
0
0
0
0
0
0
0
0
0
0
0
0
0
0
0
0
0
0
3
0
3
0
5
13
0
26
60
0
144
211
0
242
318
0
354
396
479
0
506
573
677
0
751
732
844
904
0
1050
1114
1177
1221
1287
1345
0
1341
1499
1523
1686
1722
1785
1843
1858
1731
1761
1829
1782
1870
1955
1878
1769
1780
1778
1712
1648
1686
1714
1744
1705
3510
1717
1738
1731
1756
1735
1664
3430
1742
1724
1664
3357
1642
1693
1784
3324
1670
1805
1805
3812
1844
1772
3347
1606
1504
2864
1327
2403
1067
1031
2014
954
1876
952
1782
850
905
1789
822
1558
726
1460
1259
661
1303
592
1050
475
983
816
391
774
792
338
672
628
302
571
523
235
449
419
457
217
413
357
348
329
364
182
339
345
297
301
244
214
193
102
178
212
181
176
138
135
121
112
121
110
103
94
120
66
79
63
62
75
57
50
78
61
56
44
40
44
28
21
27
24
