256
0
0
0
0
0
0
0
0
0
0
0
0
0
0
0
0
0
0
0
0
0
0
0
0
0
0
0
0
0
0
0
0
0
0
0
0
0
0
0
0
0
0
0
0
0
0
0
0
0
0
0
0
0
0
0
0
0
0
0
0
0
0
0
0
0
0
0
0
0
0
0
0
0
0
0
0
0
0
0
0
0
0
0
0
0
0
0
0
0
0
0
0
0
0
0
0
0
0
0
0
0
0
1
0
0
1
1
0
2
6
14
0
22
23
18
33
0
26
47
24
52
48
48
0
63
50
58
52
75
72
71
87
108
92
131
132
131
129
166
171
169
187
211
222
235
241
281
284
599
342
343
338
336
360
349
649
336
349
384
831
415
416
410
899
499
464
477
933
489
505
976
515
526
1106
566
1146
599
629
1255
620
1350
653
1421
711
716
1522
698
1575
762
1595
1701
897
1681
873
1763
922
1822
1790
899
1702
1711
857
1769
1673
825
1534
1463
760
1562
1550
1530
729
1504
1511
1576
1497
1543
740
1624
1566
1588
1505
1537
1569
1491
784
1574
1570
1487
1543
1498
1458
1377
1278
1352
1371
1343
1326
1984
1326
1234
1205
1235
1252
1148
1190
1699
1169
1181
1179
1283
2336
2301
3470
5792
22744
