256
0
0
0
0
0
0
0
0
0
0
0
0
0
0
0
0
0
0
0
0
0
0
0
0
0
0
0
0
0
0
0
0
0
0
0
0
0
0
0
0
0
0
0
0
0
0
0
0
0
0
0
0
0
0
0
0
0
0
0
0
0
0
0
0
0
0
0
0
0
0
0
0
0
0
0
0
0
0
0
0
0
0
0
0
0
0
0
0
0
0
0
0
0
0
0
0
0
0
0
0
0
0
6
0
5
9
38
0
20
20
35
0
32
49
49
76
0
114
113
129
149
207
233
0
255
230
253
253
219
269
228
255
255
294
287
350
308
321
357
368
383
433
471
495
511
571
640
578
1283
637
698
696
695
749
785
1644
824
813
904
1768
935
813
796
1653
820
786
870
1563
740
789
1570
770
753
1512
709
1316
686
679
1325
594
1143
553
1094
539
522
1016
464
927
481
801
849
452
950
513
980
453
999
892
473
1058
1074
534
1117
1087
550
1221
1248
584
1236
1302
1319
640
1255
1096
1028
1029
1110
560
1144
1250
1390
1479
1522
1681
1989
1092
2032
2051
2214
2282
2280
2122
1836
1671
1544
1458
1375
1475
2097
1401
1368
1387
1473
1517
1496
1514
2590
1944
2269
2451
2868
4802
3261
5699
7934
251
