256
0
0
0
0
0
0
0
0
0
0
0
0
0
0
0
0
0
0
0
0
0
0
0
0
0
0
0
0
0
0
0
0
0
0
0
0
0
0
0
0
0
0
0
0
0
0
0
0
0
0
0
0
0
0
0
0
0
0
0
0
0
0
0
0
0
0
0
0
0
0
0
0
0
2
0
1
0
1
0
11
0
7
0
14
0
43
83
0
142
0
326
0
532
795
0
862
874
0
793
846
0
844
909
0
966
1028
1074
0
1133
1244
1323
0
1354
1429
1542
1594
0
1655
1788
1801
1935
2054
2081
0
2119
2201
2233
2309
2314
2436
2290
2329
2406
2457
2399
2245
2272
2319
2274
2262
2105
2134
2071
1986
1936
1862
1821
1838
3460
1642
1511
1653
1506
1455
1441
2833
1254
1244
1317
2389
1137
1168
1144
2260
1111
1098
1083
2202
980
965
1861
845
937
1749
839
1642
774
750
1425
681
1416
639
1294
602
599
1038
551
966
435
886
809
383
814
378
733
373
709
636
285
532
466
209
379
359
184
340
319
151
274
283
247
151
270
268
236
227
243
91
192
209
197
209
197
201
187
76
201
168
168
156
165
148
147
142
129
123
122
122
189
102
102
88
110
90
89
87
110
60
65
61
66
141
105
206
274
362
