256
0
0
0
0
0
0
0
0
0
0
0
0
0
0
0
0
0
0
0
0
0
0
0
0
0
0
0
0
0
0
0
0
0
0
0
0
0
0
0
0
0
0
0
0
0
0
0
0
0
0
0
0
0
0
0
0
0
0
0
0
0
0
0
0
0
0
0
0
0
0
0
2
0
3
0
12
0
34
0
34
0
67
0
106
0
207
385
0
633
0
1265
0
3778
17181
0
13001
5851
0
3652
2810
0
2547
2401
0
2237
2027
1906
0
1870
1697
1736
0
1611
1706
1708
1601
0
1567
1575
1623
1527
1565
1537
0
1583
1475
1430
1419
1435
1449
1368
1359
1308
1239
1271
1270
1217
1200
1191
1100
1036
1105
1048
1041
1026
986
940
877
1712
847
798
819
841
830
802
1506
710
745
700
1361
635
642
712
1190
574
581
560
1082
526
513
1044
484
486
857
431
859
380
394
756
334
619
292
613
306
285
618
274
600
273
545
558
224
451
211
453
213
379
384
167
360
347
155
294
312
158
272
268
138
265
250
243
89
211
216
236
197
208
98
183
185
171
197
177
169
172
79
151
160
157
149
155
152
180
160
142
151
164
157
210
152
146
148
166
128
113
141
203
106
155
138
142
251
220
382
511
550
