256
0
0
0
0
0
0
0
0
0
0
0
0
0
0
0
0
0
0
0
0
0
0
0
0
0
0
0
0
0
0
0
0
0
0
0
0
0
0
0
0
0
0
0
0
0
0
0
0
0
0
0
0
0
0
0
0
0
0
0
0
0
0
0
0
0
0
0
0
0
0
0
0
0
0
0
1
0
1
0
3
0
7
0
15
0
35
82
0
107
0
277
0
544
1123
0
1421
1458
0
1388
1456
0
1468
1448
0
1534
1637
1733
0
1770
1844
1926
0
1974
2039
2015
2159
0
2172
2319
2311
2414
2432
2551
0
2497
2566
2527
2539
2542
2552
2509
2473
2364
2411
2232
2230
2267
2158
2072
2076
1993
1943
1933
1813
1829
1870
1733
1704
3241
1559
1478
1440
1408
1361
1373
2509
1207
1167
1151
2161
988
987
911
1731
805
854
800
1509
675
677
1282
664
597
1083
551
1050
481
517
900
427
855
393
712
374
366
709
338
656
296
531
583
263
487
233
471
259
426
434
234
363
346
173
359
350
163
344
354
132
291
239
290
136
282
255
265
266
240
107
235
210
223
202
190
172
182
93
181
152
146
157
136
169
135
138
117
139
124
132
213
126
123
105
102
119
110
109
180
135
125
135
131
292
301
368
399
479
