256
0
0
0
0
0
0
0
0
0
0
0
0
0
0
0
0
0
0
0
0
0
0
0
0
0
0
0
0
0
0
0
0
0
0
0
0
0
0
0
0
0
0
0
0
0
0
0
0
0
0
0
0
0
0
0
0
0
0
0
0
0
0
0
0
0
0
0
0
0
0
0
0
0
0
0
0
0
0
0
0
0
0
0
0
0
0
0
0
0
0
0
0
0
0
0
0
0
0
0
1
0
2
2
0
1
2
3
0
12
18
39
0
53
100
131
210
0
221
248
296
334
386
502
0
559
692
836
1080
1215
1293
1334
1283
1330
1445
1542
1429
1457
1647
1860
1921
1972
2186
2293
2167
2146
1943
1953
2042
4180
2024
2063
1982
1988
1993
2099
4073
2057
2028
2035
4020
1979
1997
1936
4031
1925
1902
1835
3722
1788
1815
3433
1748
1560
3189
1609
2992
1428
1378
2711
1339
2398
1146
2179
1000
1016
1957
985
1796
884
1670
1516
742
1290
599
1207
579
1070
1026
519
988
909
421
842
795
376
736
598
296
564
549
499
266
465
442
409
389
352
176
340
352
312
264
259
256
255
122
224
210
210
185
215
171
155
158
141
159
132
161
187
83
111
82
95
94
98
104
104
52
56
41
44
51
40
70
52
60
