256
515
0
0
0
0
0
0
0
0
0
0
0
0
370
0
0
0
0
0
0
0
0
400
0
0
0
0
0
401
0
0
0
0
0
364
0
0
0
428
0
0
0
509
0
0
0
748
0
0
0
1118
0
0
2134
0
0
3953
0
0
2964
0
2067
0
0
1691
0
1597
0
0
1652
0
1498
0
1360
0
1308
0
1269
0
1187
0
1114
0
1032
0
1007
917
0
946
0
884
0
832
795
0
768
725
0
694
602
0
646
604
0
560
577
526
0
545
528
477
0
559
483
502
491
0
469
540
558
543
576
620
0
634
633
620
689
765
880
948
939
990
1009
1109
1036
1064
1025
972
875
849
748
636
611
580
495
506
497
941
474
484
554
527
545
539
1034
519
542
509
1151
555
654
661
1400
787
765
792
1637
790
832
1516
698
700
1145
500
820
373
349
603
261
476
225
505
244
232
442
220
436
249
484
554
289
533
225
470
262
526
503
246
442
430
232
432
455
235
488
537
285
559
624
679
415
974
1196
1607
2106
2966
1521
3105
3108
2925
2896
2597
2431
2309
1063
1932
1642
1431
1160
1085
956
997
1006
940
904
932
769
1123
641
537
422
395
283
213
215
251
126
130
119
142
390
295
231
273
703
