256
0
0
0
0
0
0
0
0
0
0
0
0
0
0
0
0
0
0
0
0
0
0
0
0
0
0
0
0
0
0
0
0
0
0
0
0
0
0
0
0
0
0
0
0
0
0
0
0
0
0
0
0
0
0
0
0
0
0
0
0
0
0
0
0
0
0
0
0
0
0
0
0
0
0
0
0
0
0
0
0
0
0
0
0
0
0
1
0
0
0
0
0
3
5
0
7
8
0
4
4
0
18
15
0
36
38
84
0
149
279
390
0
525
655
817
977
0
1149
1319
1374
1487
1545
1538
0
1501
1459
1378
1286
1209
1139
1144
1156
1117
1126
1172
1116
1163
1297
1338
1473
1570
1563
1702
1803
1930
2039
2112
2121
4669
2326
2411
2448
2561
2469
2360
4896
2293
2336
2331
4564
2200
2141
2079
4049
1921
1877
1789
3423
1583
1557
2911
1339
1331
2512
1194
2372
1113
1090
2170
1027
1977
1002
1833
885
822
1571
753
1419
691
1371
1301
593
1149
534
1080
498
950
901
438
816
739
340
685
626
339
624
559
282
497
477
436
216
456
398
365
340
320
157
296
256
233
214
227
176
173
79
173
148
152
118
116
108
98
89
59
73
68
43
61
43
33
32
29
17
21
23
18
11
5
10
15
12
14
14
7
14
