256
0
0
0
0
0
0
0
0
0
0
0
0
0
0
0
0
0
0
0
0
0
0
0
0
0
0
0
0
0
0
0
0
0
0
0
0
0
0
0
0
0
0
0
0
0
0
0
0
0
0
0
0
0
0
0
0
0
0
0
0
0
0
0
0
0
0
0
0
0
0
0
0
0
0
0
0
0
0
0
0
0
3
0
7
0
16
32
0
45
0
73
0
119
345
0
455
462
0
401
267
0
224
188
0
198
197
220
0
212
231
268
0
261
293
368
319
0
357
383
398
380
443
477
0
492
514
542
538
583
610
637
581
621
658
660
764
701
726
683
772
844
801
839
860
870
762
937
923
1929
980
1025
1035
1096
1026
1054
2163
1157
1144
1096
2281
1178
1257
1293
2559
1355
1362
1327
2695
1312
1344
2637
1338
1354
2771
1331
2738
1353
1338
2749
1365
2565
1256
2491
1242
1256
2359
1082
2308
1160
2275
2423
1171
2453
1183
2391
1147
2397
2291
1113
2260
2224
1096
2250
2315
1130
2252
2147
1092
2044
2000
1861
873
1620
1496
1374
1432
1300
649
1157
1015
890
825
830
786
732
353
669
601
535
530
479
514
505
397
358
293
244
196
248
132
103
98
102
83
62
81
88
45
48
43
40
45
22
25
24
23
