256
0
0
0
0
0
0
0
0
0
0
0
0
0
0
0
0
0
0
0
0
0
0
0
0
0
0
0
0
0
0
0
0
0
0
0
0
0
0
0
0
0
0
0
0
0
0
0
0
0
0
0
0
0
0
0
0
0
0
0
0
0
0
0
0
0
0
0
0
0
0
0
0
0
0
0
0
0
0
0
0
0
1
0
5
0
14
19
0
56
0
177
0
358
1119
0
1841
1345
0
722
525
0
406
348
0
363
327
377
0
384
340
383
0
407
444
504
644
0
796
951
1025
1007
1134
1171
0
1176
1239
1341
1417
1501
1591
1805
1944
2014
2190
2171
2199
2229
2095
2096
2023
1862
1708
1584
1399
1304
1190
1090
953
1789
802
743
731
606
642
640
1242
606
621
639
1245
618
651
808
2210
1273
1647
2072
5210
3069
3305
6721
3322
3138
5900
2616
4374
2096
2015
3506
1652
3227
1525
2699
1385
1246
2092
802
1386
537
975
816
393
730
331
654
298
554
539
231
420
410
194
351
328
156
277
286
129
224
207
203
88
161
124
126
112
96
42
91
67
75
59
72
56
46
24
53
55
52
57
59
44
60
76
57
73
58
61
99
71
77
68
89
78
66
75
122
76
110
139
217
823
375
432
706
1406
