256
0
0
0
0
0
0
0
0
0
0
0
0
0
0
0
0
0
0
0
0
0
0
0
0
0
0
0
0
0
0
0
0
0
0
0
0
0
0
0
0
0
0
0
0
0
0
0
0
0
0
0
0
0
0
0
0
0
0
0
0
0
0
0
0
1
0
0
0
0
0
0
0
0
0
0
0
0
2
0
2
0
3
0
10
0
40
101
0
261
0
686
0
1715
3812
0
3106
2895
0
2729
2513
0
2228
2082
0
1933
1854
1813
0
1776
1624
1669
0
1645
1531
1496
1477
0
1424
1382
1312
1359
1344
1381
0
1327
1257
1367
1306
1370
1260
1276
1362
1267
1318
1292
1235
1214
1128
1098
1126
1114
1069
1077
1071
1074
1022
1005
920
1906
978
970
939
972
969
952
1830
920
865
868
1748
863
813
813
1558
840
804
795
1561
759
788
1509
706
770
1391
693
1384
718
651
1351
645
1325
644
1257
664
587
1221
604
1193
611
1161
1101
544
1086
545
1053
526
947
1043
516
972
961
437
911
932
411
841
826
405
842
768
720
392
702
667
663
630
630
303
561
519
522
496
506
481
412
213
443
404
396
384
341
371
332
318
329
306
326
269
444
292
281
300
255
257
254
291
432
262
282
263
278
538
561
821
949
981
