256
0
0
0
0
0
0
0
0
0
0
0
0
0
0
0
0
0
0
0
0
0
0
0
0
0
0
0
0
0
0
0
0
0
0
0
0
0
0
0
0
0
0
0
0
0
0
0
0
0
0
0
0
0
0
0
0
0
0
0
0
0
0
0
0
0
0
0
0
0
0
0
0
0
1
0
2
0
5
0
7
0
29
0
34
0
41
55
0
64
0
61
0
90
131
0
133
180
0
203
238
0
281
273
0
351
415
461
0
490
552
540
0
550
602
687
762
0
765
894
981
1046
1186
1252
0
1305
1493
1574
1656
1815
1849
2041
2152
2217
2292
2303
2382
2388
2417
2374
2378
2272
2319
2227
2207
2101
1956
1981
1927
3385
1675
1622
1560
1528
1491
1386
2549
1281
1195
1161
2297
1032
1008
1020
1881
877
823
835
1608
754
672
1323
663
607
1259
602
1139
579
560
1058
530
1062
492
1008
503
493
908
517
900
477
992
896
487
866
416
957
467
915
892
465
933
880
459
881
928
481
842
899
466
917
930
852
472
984
971
888
822
840
334
801
739
661
675
685
607
711
362
735
834
827
792
895
922
1004
1087
862
797
738
648
1083
606
593
556
535
520
530
566
816
502
354
293
201
202
125
62
25
10
