256
4
0
0
0
0
0
0
0
0
0
0
0
0
8
0
0
0
0
0
0
0
0
11
0
0
0
0
0
27
0
0
0
0
0
33
0
0
0
80
0
0
0
119
0
0
0
212
0
0
0
399
0
0
680
0
0
1464
0
0
9433
0
21005
0
0
2731
0
1438
0
0
978
0
832
0
816
0
822
0
876
0
867
0
872
0
822
0
741
733
0
749
0
704
0
657
664
0
720
714
0
692
692
0
659
667
0
658
661
600
0
585
599
627
0
679
618
625
669
0
650
655
661
642
724
701
0
665
712
709
766
723
678
698
705
683
636
617
575
611
633
522
499
461
442
396
394
311
326
292
245
463
226
199
214
229
285
361
1123
635
796
954
2106
1195
1187
1484
2981
1447
1374
1317
2485
1284
1397
2746
1445
1522
3157
1548
3083
1652
1721
3109
1454
2386
1071
1700
702
684
1373
654
1338
593
1156
1101
524
969
497
972
440
835
810
424
784
740
421
642
671
311
681
678
313
618
598
606
337
599
671
601
592
568
297
543
441
388
354
264
217
178
59
160
137
113
84
82
45
60
63
41
32
32
37
53
24
21
17
21
14
13
16
19
14
18
19
13
27
16
26
26
4
