256
32
0
0
0
0
0
0
0
0
0
0
0
0
28
0
0
0
0
0
0
0
0
30
0
0
0
0
0
66
0
0
0
0
0
104
0
0
0
160
0
0
0
189
0
0
0
237
0
0
0
249
0
0
336
0
0
459
0
0
832
0
743
0
0
806
0
751
0
0
712
0
717
0
659
0
644
0
589
0
580
0
601
0
565
0
546
575
0
583
0
555
0
520
577
0
557
586
0
618
539
0
555
536
0
542
552
597
0
533
549
554
0
549
546
535
597
0
701
774
823
924
1031
1042
0
1070
1025
958
1035
1104
1128
1216
1155
1099
1090
1166
1190
1388
1547
1848
1959
2001
1981
1884
1865
2028
2163
2115
1941
3577
2000
2173
1951
1746
1651
1835
3730
1764
1621
1600
2955
1350
1380
1402
2545
1273
1221
1209
2226
977
904
1900
1088
1053
2064
970
2079
863
833
1533
717
1456
777
1704
906
814
1546
755
1446
762
1533
1506
681
1566
752
1466
671
1354
1262
630
1124
1106
509
996
930
424
767
695
314
539
539
427
178
282
380
484
504
463
213
400
403
359
303
277
303
253
138
249
229
208
214
201
150
107
77
52
48
44
26
18
4
8
6
4
7
4
6
5
1
3
2
0
0
0
0
0
0
