256
3
0
0
0
0
0
0
0
0
0
0
0
0
0
0
0
0
0
0
0
0
0
7
0
0
0
0
0
7
0
0
0
0
0
15
0
0
0
26
0
0
0
27
0
0
0
59
0
0
0
78
0
0
164
0
0
342
0
0
688
0
1158
0
0
1540
0
1425
0
0
1203
0
1000
0
1022
0
894
0
772
0
729
0
700
0
628
0
626
552
0
547
0
543
0
538
451
0
488
483
0
572
694
0
1193
1662
0
2079
2026
1929
0
1684
1534
1299
0
1190
1038
908
804
0
723
685
663
659
639
683
0
600
581
520
482
459
433
367
354
349
312
287
302
308
333
295
257
261
245
267
263
286
335
344
435
1140
606
668
580
620
610
691
1403
728
713
777
1484
814
817
817
1539
731
654
688
1588
794
814
1623
808
835
1706
919
1835
913
949
1899
1008
1946
1017
2279
1117
1154
2346
1062
2214
1055
2187
2014
1085
2127
1154
2454
1206
2445
2357
1218
2277
2269
1061
2119
1894
812
1519
1403
681
1269
1091
1006
467
901
805
789
696
573
249
487
463
422
401
364
345
339
171
275
310
286
305
250
309
287
286
315
331
393
414
690
496
596
664
786
793
825
866
1299
831
716
669
622
961
669
1073
902
47
