256
2
0
0
0
0
0
0
0
0
0
0
0
0
5
0
0
0
0
0
0
0
0
7
0
0
0
0
0
11
0
0
0
0
0
16
0
0
0
26
0
0
0
36
0
0
0
35
0
0
0
57
0
0
92
0
0
125
0
0
223
0
356
0
0
599
0
1057
0
0
1831
0
2956
0
2894
0
2584
0
2174
0
1764
0
1529
0
1381
0
1184
1128
0
1143
0
1083
0
1055
982
0
1016
934
0
980
947
0
936
916
0
871
890
828
0
870
858
811
0
775
765
741
696
0
715
679
691
674
621
643
0
569
570
568
586
563
550
487
511
477
460
459
422
439
402
409
417
373
411
387
344
368
331
334
332
652
279
292
303
318
287
321
607
265
299
284
579
290
322
296
773
359
342
344
797
366
425
742
399
374
828
426
899
469
487
900
456
954
464
1000
506
508
1039
525
998
598
1169
1267
695
1425
743
1711
923
2042
2307
1271
2677
3561
1931
3954
3145
1256
2062
1748
813
1623
1733
1913
921
1818
1735
1854
2135
2317
1257
2604
2332
1788
1476
1285
1308
964
314
517
500
493
501
511
537
585
480
477
463
492
480
644
515
507
504
558
547
540
514
720
496
397
320
377
682
417
150
46
21
