256
0
0
0
0
0
0
0
0
0
0
0
0
0
3
0
0
0
0
0
0
0
0
6
0
0
0
0
0
14
0
0
0
0
0
27
0
0
0
49
0
0
0
106
0
0
0
171
0
0
0
355
0
0
685
0
0
1122
0
0
2979
0
4374
0
0
2234
0
1583
0
0
1295
0
1130
0
1036
0
1044
0
1027
0
1059
0
956
0
945
0
946
1040
0
1047
0
1029
0
972
1016
0
1028
950
0
939
915
0
911
846
0
810
735
775
0
748
690
668
0
691
679
687
720
0
645
671
662
634
694
651
0
676
694
665
728
758
751
716
731
701
727
749
717
711
697
686
709
644
692
720
651
641
652
606
610
1210
584
589
570
565
573
565
1003
513
476
484
914
433
451
452
914
430
490
461
967
479
507
1097
595
672
1675
926
1820
826
735
1375
635
1099
498
1041
464
502
898
453
845
407
877
786
411
824
442
777
391
832
703
380
743
687
378
699
738
348
736
728
359
745
713
707
377
689
645
677
654
642
309
654
648
645
612
630
655
710
325
670
702
758
804
805
830
955
1033
1195
1335
1547
1855
3548
2766
2933
2850
2578
2282
1958
1646
2022
1080
802
647
525
646
351
319
189
70
