256
5
0
0
0
0
0
0
0
0
0
0
0
0
8
0
0
0
0
0
0
0
0
13
0
0
0
0
0
29
0
0
0
0
0
55
0
0
0
87
0
0
0
166
0
0
0
278
0
0
0
419
0
0
663
0
0
1135
0
0
2373
0
2820
0
0
1074
0
917
0
0
846
0
858
0
859
0
837
0
830
0
832
0
871
0
880
0
981
919
0
945
0
1003
0
1060
1130
0
1144
1125
0
1146
1156
0
1202
1178
0
1249
1185
1237
0
1280
1243
1311
0
1283
1310
1266
1335
0
1418
1331
1386
1335
1350
1379
0
1343
1286
1287
1256
1219
1152
1182
1123
1161
1017
1060
1068
998
979
1010
947
930
864
812
831
851
841
806
785
1606
758
763
754
736
742
806
1493
740
722
731
1435
716
689
673
1373
701
648
620
1351
715
693
1407
706
644
1427
684
1307
607
655
1142
604
1048
526
1001
508
468
902
455
899
435
879
867
416
842
434
841
440
791
773
384
869
848
412
827
818
425
870
871
424
889
900
951
447
989
1084
1044
1114
1109
589
1135
1149
1191
1127
1164
1015
1131
549
1031
1103
1121
1134
1082
1035
991
900
854
741
618
448
482
228
179
172
152
187
272
168
173
83
50
41
32
50
14
9
2
1
