256
4
0
0
0
0
0
0
0
0
0
0
0
0
8
0
0
0
0
0
0
0
0
9
0
0
0
0
0
17
0
0
0
0
0
21
0
0
0
36
0
0
0
63
0
0
0
100
0
0
0
232
0
0
459
0
0
914
0
0
2086
0
4997
0
0
1824
0
1123
0
0
970
0
835
0
795
0
827
0
893
0
948
0
931
0
1017
0
919
977
0
948
0
975
0
970
994
0
1000
950
0
945
1007
0
1008
1005
0
1002
1002
943
0
979
984
933
0
950
878
922
989
0
1001
984
937
972
912
922
0
910
1003
984
969
962
932
945
929
960
950
986
923
912
919
841
988
893
870
916
896
899
872
867
866
1672
897
875
832
844
827
902
1619
873
882
875
1711
901
836
926
1765
898
957
946
1874
951
891
1866
929
941
1965
987
2020
966
959
1947
969
1905
976
1927
973
1018
1950
965
1775
877
1777
1705
868
1620
798
1577
728
1425
1368
652
1363
1255
640
1240
1173
581
1090
1124
529
1014
924
950
483
884
804
746
679
635
332
628
543
572
506
457
441
368
169
363
305
335
294
253
235
222
191
159
164
175
135
201
111
95
107
83
73
58
54
52
25
18
10
14
21
8
8
6
0
