256
0
0
0
0
0
0
0
0
0
0
0
0
0
0
0
0
0
0
0
0
0
0
0
0
0
0
0
0
0
0
0
0
0
0
0
0
0
0
0
0
0
0
0
0
0
0
0
0
0
0
0
0
0
0
0
0
0
0
0
0
0
0
0
0
0
0
0
0
0
0
0
0
0
0
0
0
0
0
0
0
0
0
0
0
0
0
0
0
0
0
0
0
0
0
0
0
0
0
1
0
0
1
1
0
2
1
2
0
30
585
842
0
889
614
419
444
0
606
752
808
862
951
1044
0
1055
1077
1121
1007
966
966
1060
917
807
741
679
667
620
562
472
523
437
470
431
389
393
387
359
386
737
343
332
315
314
327
312
695
325
343
320
677
323
361
375
680
346
419
362
839
442
472
900
446
534
1006
554
1112
621
617
1383
720
1470
777
1481
690
683
1495
667
1286
615
1082
945
435
896
478
827
421
833
827
416
866
901
522
1033
1142
624
1357
1761
955
2109
2375
2709
1385
2974
2763
2530
2325
2133
1101
2240
2148
2171
2101
2117
2124
2181
1137
2097
2097
1968
2132
2211
2232
2459
2333
2256
2243
2244
2258
3336
2069
1853
1425
1257
1028
916
743
992
677
596
532
521
718
591
793
1299
1519
