256
0
0
0
0
0
0
0
0
0
0
0
0
0
0
0
0
0
0
0
0
0
0
0
0
0
0
0
0
0
0
0
0
0
0
2
0
0
0
6
0
0
0
16
0
0
0
37
0
0
0
108
0
0
272
0
0
784
0
0
7397
0
5968
0
0
4728
0
2648
0
0
1975
0
1722
0
1650
0
1629
0
1591
0
1553
0
1552
0
1532
0
1444
1506
0
1465
0
1398
0
1385
1309
0
1312
1313
0
1294
1227
0
1235
1224
0
1119
1074
1057
0
1013
957
973
0
1019
887
950
941
0
888
834
826
807
767
760
0
812
787
756
701
712
701
732
682
700
616
594
658
614
587
576
605
606
549
550
561
520
507
526
498
1009
507
499
514
494
460
471
947
442
481
468
968
516
449
507
954
515
495
480
957
439
480
918
441
479
944
446
911
430
439
921
483
880
444
924
437
450
953
395
881
448
922
911
468
900
436
900
474
918
923
436
962
981
462
946
939
461
963
947
458
928
845
849
431
846
837
857
828
773
387
815
851
812
782
885
800
802
427
789
794
856
829
916
871
840
848
875
852
862
818
1310
942
847
882
896
833
838
691
936
429
307
208
136
156
58
31
7
2
