256
0
0
0
0
0
0
0
0
0
0
0
0
0
0
0
0
0
0
0
0
0
0
0
0
0
0
0
0
0
0
0
0
0
0
0
0
0
0
0
0
0
0
0
0
0
0
0
0
0
0
0
0
0
0
0
0
0
0
0
0
0
0
0
0
0
0
0
0
0
0
0
0
0
0
0
0
0
0
0
0
0
0
0
0
0
0
0
0
0
0
0
0
0
0
0
0
0
0
0
0
0
1
40
0
1146
3143
2777
0
2442
2219
2156
0
1791
1750
1531
1480
0
1565
1551
1494
1441
1554
1606
0
1593
1577
1619
1780
1909
2020
2095
2066
2110
1861
1736
1778
2166
2225
1952
1967
2265
2258
2202
2037
1957
1914
1857
1805
3329
1596
1770
1548
1511
1516
1751
3514
1611
1603
1324
2378
1150
1075
871
1548
577
484
443
816
375
401
822
413
431
964
547
1054
519
471
912
490
926
494
933
477
512
987
531
1068
482
1075
1105
555
1038
541
1099
523
1052
1092
579
1094
1080
474
1041
1049
490
969
921
460
904
823
774
385
783
790
733
666
634
285
670
596
552
590
526
480
449
226
446
462
408
357
363
367
298
296
309
243
268
238
353
223
194
187
185
146
148
141
194
129
101
113
89
156
91
72
37
24
