256
0
0
0
0
0
0
0
0
0
0
0
0
0
0
0
0
0
0
0
0
0
0
0
0
0
0
0
0
0
0
0
0
0
0
0
0
0
0
0
0
0
0
0
0
0
0
0
0
0
0
0
0
0
0
0
0
0
0
0
0
0
0
0
0
0
0
0
0
0
0
0
0
0
3
0
2
0
1
0
3
0
8
0
16
0
20
22
0
31
0
42
0
76
120
0
131
192
0
226
276
0
353
414
0
571
627
693
0
775
768
844
0
1033
1072
1315
1502
0
1663
1777
1860
1792
1798
1787
0
1787
1900
1940
1980
1982
2013
2018
1911
1828
1761
1740
1576
1619
1498
1436
1417
1351
1337
1272
1222
1179
1145
1063
1083
2044
991
1039
1012
953
961
937
1932
887
919
874
1836
897
838
894
1791
841
830
832
1680
814
752
1514
700
684
1307
643
1264
628
590
1199
607
1182
619
1211
630
625
1325
604
1282
675
1423
1301
658
1356
705
1278
683
1249
1301
640
1247
1402
643
1329
1295
654
1270
1359
668
1322
1361
1339
659
1313
1242
1138
1102
1019
474
848
819
661
602
568
526
483
251
476
481
439
477
446
403
415
375
431
388
321
322
497
324
343
317
289
339
356
316
502
357
369
396
446
1014
1312
1923
1691
734
