256
6
0
0
0
0
0
0
0
0
0
0
0
0
9
0
0
0
0
0
0
0
0
22
0
0
0
0
0
52
0
0
0
0
0
114
0
0
0
121
0
0
0
79
0
0
0
74
0
0
0
48
0
0
81
0
0
59
0
0
83
0
72
0
0
66
0
72
0
0
82
0
98
0
96
0
102
0
103
0
153
0
146
0
165
0
204
203
0
220
0
266
0
240
301
0
285
338
0
421
431
0
498
544
0
565
607
573
0
612
667
609
0
637
701
743
783
0
763
875
892
907
998
1117
0
1253
1246
1367
1426
1451
1505
1537
1600
1550
1638
1723
1812
1825
1851
1905
1872
1909
1915
1978
2053
2086
2194
2197
2261
4574
2372
2363
2408
2310
2199
2238
4497
2186
2178
2159
4398
2083
2040
2015
3901
1903
1871
1714
3222
1499
1423
2602
1237
1127
2094
1109
2001
919
861
1758
822
1557
773
1464
679
718
1446
647
1307
596
1229
1170
585
1076
455
941
476
826
766
366
720
697
305
649
611
271
630
518
277
462
382
315
133
199
198
141
120
84
41
55
51
54
35
38
25
26
12
15
16
17
8
21
11
9
9
7
13
4
1
2
1
0
0
1
0
0
0
0
0
0
0
0
0
0
0
0
0
