256
224
0
0
0
0
0
0
0
0
0
0
0
0
153
0
0
0
0
0
0
0
0
174
0
0
0
0
0
177
0
0
0
0
0
186
0
0
0
200
0
0
0
226
0
0
0
229
0
0
0
296
0
0
325
0
0
381
0
0
468
0
605
0
0
718
0
1047
0
0
1317
0
2153
0
1783
0
1236
0
951
0
720
0
591
0
540
0
541
479
0
443
0
483
0
447
502
0
436
433
0
417
463
0
494
472
0
496
677
742
0
899
725
1076
0
1313
1331
1153
1097
0
1218
1393
1123
1005
1194
1346
0
1156
1010
1040
1221
1100
941
1165
1262
1025
983
1007
1099
999
972
1083
1010
926
943
985
963
949
959
954
884
1656
879
818
799
784
816
770
1532
723
730
773
1392
737
744
704
1435
684
684
697
1425
698
698
1429
704
728
1421
681
1317
690
741
1338
696
1332
621
1295
669
663
1307
642
1230
635
1234
1190
581
1183
587
1104
544
1118
1129
534
1045
1003
533
1076
1087
517
1047
1008
559
1036
1070
1111
537
1119
1024
1101
1158
1080
528
1216
1176
1211
1152
1189
1211
1137
541
1110
1059
1049
944
974
778
765
694
630
541
466
400
521
337
347
296
295
296
299
278
512
327
339
324
351
580
579
845
1155
1583
