256
14
0
0
0
0
0
0
0
0
0
0
0
0
21
0
0
0
0
0
0
0
0
32
0
0
0
0
0
53
0
0
0
0
0
102
0
0
0
216
0
0
0
422
0
0
0
796
0
0
0
1633
0
0
3289
0
0
8119
0
0
23607
0
14803
0
0
7127
0
4898
0
0
3649
0
2786
0
2331
0
1926
0
1647
0
1491
0
1311
0
1213
0
1086
1071
0
962
0
811
0
761
659
0
663
585
0
541
506
0
430
433
0
357
347
316
0
304
285
237
0
229
208
214
173
0
163
150
161
156
132
141
0
124
110
111
109
100
90
99
74
96
106
77
83
74
98
76
65
71
69
83
54
62
64
45
40
98
61
52
43
41
43
37
96
46
35
36
82
40
42
41
73
32
39
32
62
30
34
55
30
29
57
25
51
22
31
47
25
42
12
40
26
14
38
17
40
17
30
30
22
22
13
38
19
30
17
18
33
23
19
38
36
15
21
30
20
28
35
13
10
23
28
34
19
26
18
29
25
24
22
28
28
24
9
31
16
24
23
29
19
28
24
20
32
19
25
44
30
34
34
33
37
54
63
143
121
213
259
395
980
1212
2566
7080
42656
