256
0
0
0
0
0
0
0
0
0
0
0
0
0
0
0
0
0
0
0
0
0
0
0
0
0
0
0
0
0
0
0
0
0
0
1
0
0
0
0
0
0
0
1
0
0
0
4
0
0
0
9
0
0
9
0
0
15
0
0
13
0
54
0
0
58
0
88
0
0
64
0
45
0
44
0
34
0
44
0
30
0
47
0
44
0
44
51
0
64
0
69
0
73
78
0
59
66
0
63
72
0
80
107
0
143
146
164
0
166
194
235
0
230
265
274
316
0
382
383
452
492
466
463
0
453
495
469
461
519
477
488
448
501
479
501
516
552
537
610
599
571
614
597
611
674
680
730
715
1424
818
781
839
851
918
930
1934
991
1026
1007
2121
1048
1164
1135
2252
1153
1170
1144
2320
1227
1168
2392
1240
1219
2472
1325
2602
1318
1357
2855
1480
3127
1597
3132
1479
1510
3250
1593
3443
1707
3431
3610
1772
3571
1782
3514
1772
3533
3557
1800
3526
3480
1676
3228
3133
1455
2664
2496
1111
2075
1868
1597
801
1388
1262
1128
942
798
373
675
590
485
471
379
352
259
122
225
184
149
146
111
122
74
87
60
73
75
45
78
36
31
31
15
22
16
13
21
15
9
10
9
20
9
5
10
7
