256
0
0
0
0
0
0
0
0
0
0
0
0
0
0
0
0
0
0
0
0
0
0
0
0
0
0
0
0
0
0
0
0
0
0
0
0
0
0
1
0
0
0
1
0
0
0
2
0
0
0
6
0
0
3
0
0
11
0
0
28
0
38
0
0
67
0
76
0
0
113
0
166
0
213
0
225
0
315
0
396
0
511
0
643
0
789
890
0
872
0
870
0
862
797
0
766
809
0
743
789
0
756
780
0
766
778
793
0
762
730
712
0
771
736
675
683
0
756
749
688
797
698
735
0
693
748
728
736
739
776
797
801
831
760
804
765
824
803
784
790
879
876
853
894
889
940
870
914
1867
1023
994
1042
1037
1027
1001
2103
1119
1084
1122
2339
1180
1247
1208
2566
1311
1230
1293
2499
1348
1381
2842
1361
1378
2736
1463
2811
1435
1468
2917
1471
2879
1477
3040
1466
1461
2875
1529
2933
1472
2846
2850
1452
2824
1353
2674
1372
2512
2372
1079
2130
1970
867
1641
1535
647
1198
1087
505
927
799
679
311
518
488
434
392
334
136
258
238
213
194
178
149
123
55
113
105
108
83
69
68
52
67
55
39
49
43
53
36
22
27
21
24
10
13
11
7
10
11
10
14
4
18
13
10
