256
0
0
0
0
0
0
0
0
0
0
0
0
0
0
0
0
0
0
0
0
0
0
0
0
0
0
0
0
0
0
0
0
0
0
0
0
0
0
0
0
0
0
0
0
0
0
0
0
0
0
0
0
0
0
0
0
0
0
0
0
0
0
0
0
0
0
0
0
0
0
0
0
0
1
0
0
0
1
0
2
0
6
0
16
0
37
46
0
59
0
73
0
92
100
0
158
155
0
241
222
0
263
304
0
360
327
380
0
424
469
499
0
505
520
569
556
0
572
537
541
558
599
626
0
602
609
645
617
622
638
635
645
646
658
703
672
744
702
733
753
721
790
772
793
842
855
878
888
1760
983
918
1036
1025
1080
1146
2405
1235
1246
1344
2713
1462
1504
1498
3225
1587
1640
1704
3353
1744
1772
3548
1777
1828
3627
1758
3624
1847
1770
3673
1867
3544
1750
3514
1710
1719
3335
1670
3075
1463
2909
2799
1387
2653
1290
2395
1151
2281
2180
1055
1965
1750
844
1536
1446
736
1216
1166
564
1042
933
838
392
731
661
629
544
544
246
472
405
393
369
334
338
307
129
315
230
215
208
228
205
167
181
174
150
140
117
182
89
67
75
62
48
78
45
63
38
24
44
28
30
39
41
23
5
