256
1
0
0
0
0
0
0
0
0
0
0
0
0
1
0
0
0
0
0
0
0
0
0
0
0
0
0
0
3
0
0
0
0
0
10
0
0
0
25
0
0
0
35
0
0
0
59
0
0
0
52
0
0
79
0
0
88
0
0
91
0
92
0
0
142
0
187
0
0
307
0
519
0
743
0
1028
0
1145
0
1218
0
1270
0
1383
0
1300
1192
0
977
0
819
0
648
509
0
407
413
0
274
277
0
202
210
0
210
182
172
0
157
176
170
0
151
163
177
164
0
150
156
173
181
186
184
0
201
199
225
197
238
252
233
216
239
234
263
295
289
239
283
285
326
327
286
321
296
300
329
364
753
340
334
336
399
383
391
800
418
400
430
853
478
442
474
925
455
473
473
940
484
495
950
509
488
970
539
1109
543
619
1364
691
1384
695
1270
644
768
1867
1445
3277
1702
3478
4142
2296
4902
2540
4594
1937
3643
3795
1924
4114
4189
2132
4819
5451
2528
4580
4128
1938
3302
1970
1110
453
832
726
699
669
664
340
632
578
591
541
592
573
592
299
512
538
559
553
502
459
484
489
484
479
473
461
730
449
399
440
418
401
481
392
575
395
368
390
450
708
806
842
453
213
