256
0
0
0
0
0
0
0
0
0
0
0
0
0
2
0
0
0
0
0
0
0
0
4
0
0
0
0
0
10
0
0
0
0
0
18
0
0
0
23
0
0
0
70
0
0
0
99
0
0
0
331
0
0
171
0
0
149
0
0
90
0
81
0
0
74
0
46
0
0
57
0
37
0
31
0
36
0
45
0
30
0
30
0
45
0
54
73
0
88
0
119
0
164
189
0
254
284
0
352
373
0
381
340
0
327
306
331
0
297
305
336
0
350
363
386
374
0
416
404
457
531
590
732
0
874
1091
1247
1454
1759
1899
2069
2248
2402
2432
2434
2383
2380
2285
2216
2123
1842
1816
1653
1494
1349
1266
1131
1002
1708
768
692
761
715
699
643
1269
555
615
590
1034
538
465
544
995
472
452
467
883
384
419
820
397
447
872
464
858
457
438
946
498
1072
526
1055
608
537
1159
546
1150
570
1120
1103
467
932
427
859
435
859
855
453
816
828
387
765
717
379
729
750
377
727
691
672
317
623
589
542
547
463
181
477
525
670
797
647
459
512
310
697
514
434
397
388
372
384
381
424
462
563
871
1548
1586
2099
2790
2420
5196
4642
3521
3388
3415
5006
3403
1485
1411
537
351
108
9
