256
0
0
0
0
0
0
0
0
0
0
0
0
0
0
0
0
0
0
0
0
0
0
0
0
0
0
0
0
0
0
0
0
0
0
0
0
0
0
0
0
0
0
0
0
0
0
0
0
0
0
0
0
0
0
0
0
0
0
0
0
0
0
0
0
0
0
0
0
0
0
0
0
0
0
0
0
0
0
0
0
0
2
0
0
0
5
7
0
29
0
49
0
115
589
0
2014
4274
0
4635
3261
0
2248
1660
0
1527
1321
1223
0
1064
1021
982
0
1027
962
1046
1038
0
1110
1040
1162
1177
1235
1219
0
1326
1217
1271
1292
1241
1271
1255
1268
1240
1246
1245
1220
1214
1254
1308
1294
1241
1281
1268
1315
1243
1341
1334
1444
2960
1479
1491
1560
1557
1661
1669
3361
1567
1671
1728
3447
1762
1719
1735
3359
1657
1667
1615
3243
1538
1466
2760
1294
1290
2416
1143
2152
1041
942
1762
805
1615
731
1314
624
640
1101
512
1021
472
874
762
370
681
303
597
282
607
567
256
513
480
215
371
440
174
377
307
152
286
305
280
113
247
239
260
244
205
111
221
247
224
213
185
206
184
99
220
190
203
176
194
160
153
172
163
167
160
161
231
175
155
182
156
156
157
188
261
166
191
181
155
300
275
401
607
930
