256
0
0
0
0
0
0
0
0
0
0
0
0
0
0
0
0
0
0
0
0
0
0
0
0
0
0
0
0
0
0
0
0
0
0
0
0
0
0
0
0
0
0
0
0
0
0
0
0
0
0
0
0
0
0
0
0
0
0
0
0
0
0
0
0
1
0
0
0
0
3
0
1
0
3
0
6
0
7
0
8
0
12
0
8
0
17
14
0
19
0
30
0
25
40
0
35
48
0
48
45
0
41
47
0
46
49
45
0
52
48
51
0
52
58
46
43
0
49
47
45
33
42
45
0
53
32
30
36
30
38
45
27
28
40
35
32
43
37
45
40
55
44
36
45
42
46
52
49
120
59
83
69
77
66
83
170
89
104
84
222
134
154
174
312
194
212
258
585
378
325
886
471
568
1339
783
1886
1076
1241
2780
1563
3745
2129
5181
2958
3322
7717
4225
9206
4915
10548
10656
5150
10196
4920
9090
4091
7439
6400
2771
4892
3860
1643
2588
1957
776
1256
942
391
579
402
298
107
206
169
130
103
130
52
90
87
66
56
61
28
45
14
21
21
14
11
8
6
5
4
4
0
1
2
1
0
1
1
0
0
0
0
0
0
0
0
0
0
0
0
0
0
