256
0
0
0
0
0
0
0
0
0
0
0
0
0
2
0
0
0
0
0
0
0
0
0
0
0
0
0
0
3
0
0
0
0
0
3
0
0
0
8
0
0
0
22
0
0
0
18
0
0
0
40
0
0
56
0
0
102
0
0
174
0
330
0
0
515
0
694
0
0
723
0
685
0
581
0
537
0
570
0
599
0
603
0
582
0
599
559
0
519
0
505
0
498
429
0
492
462
0
481
527
0
475
471
0
468
523
450
0
472
449
438
0
423
445
422
452
0
403
426
383
448
447
438
0
463
482
448
486
512
517
518
567
544
564
564
581
625
650
626
705
694
720
783
785
735
798
820
805
1671
920
907
873
907
974
977
1954
1039
1024
1074
2139
1146
1149
1159
2373
1264
1325
1343
2639
1308
1305
2724
1334
1363
2540
1290
2326
1120
1081
2036
988
1714
819
1461
669
618
1091
488
843
392
723
605
253
469
198
399
160
314
290
154
413
515
288
603
535
250
491
603
340
679
621
663
343
735
781
819
1003
1031
557
1168
1267
1463
1529
1491
1653
1780
981
2063
2082
2111
2519
2851
3256
3208
2884
2814
2395
2062
1601
2373
1469
1411
1202
874
501
434
302
185
51
45
26
10
41
31
52
46
25
