256
0
0
0
0
0
0
0
0
0
0
0
0
0
0
0
0
0
0
0
0
0
0
0
0
0
0
0
0
0
0
0
0
0
0
0
0
0
0
0
0
0
0
0
0
0
0
0
0
0
0
0
0
0
0
0
0
0
0
0
0
0
0
0
0
0
0
0
0
0
0
0
1
0
1
0
1
0
4
0
9
0
14
0
16
0
31
53
0
72
0
118
0
226
336
0
596
1101
0
2331
2919
0
2484
1978
0
1661
1482
1368
0
1339
1305
1245
0
1204
1212
1221
1254
0
1197
1199
1261
1213
1278
1245
0
1282
1224
1340
1330
1278
1303
1307
1341
1313
1331
1340
1394
1379
1369
1441
1413
1519
1485
1576
1495
1639
1640
1558
1646
3395
1700
1684
1573
1623
1623
1626
3110
1508
1481
1411
2743
1339
1241
1225
2368
1099
1095
1092
2064
997
956
1957
971
955
1819
934
1840
925
863
1709
842
1599
792
1445
684
719
1338
632
1274
621
1202
1106
513
925
514
929
421
876
795
360
755
740
350
750
684
345
647
640
324
636
679
630
289
621
547
573
472
476
217
442
403
369
369
333
370
349
146
307
269
275
274
250
220
216
197
187
176
177
189
277
162
166
174
140
142
155
180
254
175
186
227
241
638
754
808
327
71
