256
0
0
0
0
0
0
0
0
0
0
0
0
0
0
0
0
0
0
0
0
0
0
0
0
0
0
0
0
0
0
0
0
0
0
0
0
0
0
0
0
0
0
0
0
0
0
0
0
0
0
0
0
0
0
0
0
0
0
0
0
0
0
0
0
0
0
0
0
0
0
0
0
0
0
0
0
0
0
0
0
0
0
0
0
0
0
0
0
0
0
0
0
0
0
0
0
0
0
0
0
0
0
0
0
0
1
0
0
0
2
9
0
31
31
51
69
0
99
142
198
302
354
438
0
522
506
555
566
587
683
790
773
863
833
922
872
965
1076
1129
1258
1350
1519
1528
1674
1695
1610
1697
1789
3725
2051
2166
2209
2056
2121
2007
4165
2052
2151
2227
4739
2516
2656
2711
5233
2602
2666
2723
5191
2334
2241
4314
1878
1911
3257
1502
2513
1164
1133
2079
929
1678
719
1470
660
674
1238
550
1076
487
1005
979
504
881
438
855
402
852
765
382
736
660
367
644
713
365
723
743
343
736
748
795
381
711
819
835
832
807
410
862
828
865
814
793
752
742
349
668
617
620
602
535
531
543
477
428
430
403
355
500
281
275
260
222
228
190
184
293
192
171
160
162
189
95
46
29
16
