256
0
0
0
0
0
0
0
0
0
0
0
0
0
0
0
0
0
0
0
0
0
0
0
0
0
0
0
0
0
0
0
0
0
0
0
0
0
0
0
0
0
0
0
0
0
0
0
0
0
0
0
0
0
0
0
0
0
0
0
0
0
0
0
0
0
0
0
0
0
0
0
0
0
0
0
0
0
0
0
0
0
0
0
1
0
0
0
0
0
0
0
0
0
2
0
6
3
0
15
26
0
48
66
0
133
204
211
0
166
168
234
0
314
411
422
531
0
548
598
593
567
666
733
0
748
823
842
853
794
679
661
657
615
606
587
553
579
544
543
551
550
505
484
453
483
510
442
457
1103
603
598
671
701
782
849
2005
1176
1207
1365
3018
1655
1757
1726
3665
1889
1995
1846
3754
1868
1838
3503
1749
1695
3618
1851
3472
1681
1782
3606
1821
3442
1717
3171
1554
1530
3018
1490
2849
1389
2633
2520
1129
2324
1123
2123
1007
1975
1850
896
1613
1487
742
1321
1247
581
1024
915
471
740
670
582
270
504
415
396
337
310
126
270
215
212
200
163
165
166
78
154
149
165
169
153
131
169
128
164
129
147
157
193
135
142
149
143
163
134
172
249
187
177
222
331
1587
4425
4117
2325
2741
