256
10
0
0
0
0
0
0
0
0
0
0
0
0
8
0
0
0
0
0
0
0
0
20
0
0
0
0
0
29
0
0
0
0
0
60
0
0
0
85
0
0
0
120
0
0
0
217
0
0
0
323
0
0
583
0
0
1371
0
0
7457
0
5051
0
0
2441
0
1828
0
0
1303
0
1198
0
1041
0
933
0
857
0
883
0
736
0
827
0
738
724
0
725
0
771
0
736
714
0
696
779
0
743
760
0
801
794
0
783
848
810
0
860
859
862
0
883
892
932
906
0
924
926
849
869
874
884
0
907
875
855
834
813
892
841
882
836
866
887
891
898
935
916
864
929
956
968
1004
996
998
1003
1022
2098
1154
1119
1188
1217
1124
1231
2439
1280
1282
1402
2662
1340
1378
1291
2446
1227
1185
1028
2179
1074
1036
1906
881
947
1807
869
1639
781
802
1529
693
1364
654
1172
558
537
1068
486
970
465
896
932
456
861
416
841
378
766
718
350
758
708
327
652
697
296
633
606
321
678
603
564
304
634
611
596
506
504
201
345
319
308
267
275
281
222
94
206
211
204
220
199
179
221
226
225
276
266
271
473
345
383
447
500
524
590
594
1052
815
755
634
547
713
393
257
47
5
