256
3
0
0
0
0
0
0
0
0
0
0
0
0
1
0
0
0
0
0
0
0
0
0
0
0
0
0
0
5
0
0
0
0
0
10
0
0
0
8
0
0
0
17
0
0
0
24
0
0
0
34
0
0
64
0
0
93
0
0
135
0
180
0
0
224
0
258
0
0
256
0
269
0
278
0
266
0
300
0
293
0
278
0
257
0
256
228
0
225
0
192
0
183
172
0
174
169
0
192
203
0
213
231
0
248
226
256
0
350
367
394
0
471
474
536
612
0
700
747
784
843
931
1030
0
1145
1182
1237
1267
1255
1287
1273
1261
1367
1501
1521
1520
1563
1540
1678
1730
1614
1669
1709
1743
1722
1802
1839
1834
3653
1857
1830
1822
1763
1829
1716
3253
1516
1404
1296
2483
1240
1220
1172
2166
932
854
761
1353
689
647
1093
513
520
996
476
916
422
423
750
386
706
365
626
325
328
632
316
619
329
711
662
357
715
386
811
464
1067
1380
756
1405
1507
764
1542
1369
736
1664
1501
729
2176
3065
3388
1812
3887
3719
3986
3136
2019
726
1077
762
644
684
640
602
458
178
308
261
210
191
168
170
195
194
191
201
193
191
296
224
244
257
323
291
196
156
228
115
96
128
121
178
127
148
136
63
