256
0
0
0
0
0
0
0
0
0
0
0
0
0
0
0
0
0
0
0
0
0
0
0
0
0
0
0
0
1
0
0
0
0
0
0
0
0
0
0
0
0
0
0
0
0
0
3
0
0
0
4
0
0
27
0
0
68
0
0
455
0
746
0
0
702
0
738
0
0
829
0
887
0
923
0
874
0
844
0
818
0
886
0
948
0
971
1107
0
1118
0
1158
0
1160
1255
0
1236
1274
0
1231
1229
0
1226
1263
0
1215
1256
1291
0
1309
1305
1289
0
1306
1309
1316
1331
0
1357
1430
1401
1430
1437
1429
0
1428
1356
1240
1212
1218
1175
1205
1107
1087
1053
1018
1008
1027
1046
1011
1040
1100
1051
1098
1105
1120
1209
1143
1179
2428
1117
1131
1119
1086
1031
1106
2066
971
1020
996
1838
918
900
893
1868
1043
1009
953
1820
895
899
1911
1030
1054
2099
1005
1964
898
857
1816
881
1831
899
1883
954
905
1812
936
1831
923
1754
1441
694
1320
573
1023
452
766
696
290
569
572
264
533
526
274
504
518
263
465
453
491
259
443
423
473
403
430
229
402
342
372
340
317
334
330
120
305
308
288
290
299
265
239
259
265
245
215
235
361
219
185
209
231
261
265
257
376
272
248
276
240
502
524
951
828
101
