256
118
0
0
0
0
0
0
0
0
0
0
0
0
110
0
0
0
0
0
0
0
0
197
0
0
0
0
0
243
0
0
0
0
0
272
0
0
0
319
0
0
0
466
0
0
0
634
0
0
0
673
0
0
612
0
0
564
0
0
537
0
430
0
0
458
0
442
0
0
457
0
461
0
406
0
388
0
379
0
427
0
370
0
415
0
372
381
0
390
0
380
0
361
390
0
408
415
0
393
424
0
430
407
0
480
479
460
0
492
491
476
0
528
526
587
604
0
605
625
623
602
652
644
0
622
649
677
669
663
664
715
720
659
723
771
733
670
665
687
689
696
665
672
674
670
683
686
703
1367
682
644
706
694
684
693
1249
656
649
584
1219
611
596
590
1204
540
547
598
1115
522
566
1135
582
583
1237
606
1263
560
604
1059
556
1032
543
1149
536
538
1067
564
1090
592
1140
1172
589
1187
625
1165
611
1301
1316
719
1390
1434
740
1434
1459
780
1559
1588
762
1629
1666
1728
835
1861
1928
2128
2082
1991
1031
2028
2134
2079
2068
2241
2527
2686
1375
2774
2597
2645
2520
2629
2574
2437
2397
1974
1538
1141
834
972
410
274
132
83
15
4
2
2
0
1
3
0
2
0
2
3
8
