256
0
0
0
0
0
0
0
0
0
0
0
0
0
0
0
0
0
0
0
0
0
0
0
0
0
0
0
0
0
0
0
0
0
0
0
0
0
0
0
0
0
0
0
0
0
0
0
0
0
0
0
0
0
0
0
0
0
0
0
0
0
0
0
0
0
0
0
0
0
0
0
0
0
0
0
0
0
0
0
0
0
0
0
0
0
0
0
0
0
0
0
0
0
0
0
0
0
0
0
0
0
1
3
0
6
10
10
0
16
23
20
0
37
68
71
120
0
161
282
367
440
472
572
0
721
810
937
983
1053
1123
1131
1238
1460
1651
1800
1632
1461
1314
1227
1057
1010
905
771
671
568
499
442
364
548
281
307
310
330
348
406
823
425
494
526
1220
687
704
802
1809
949
1035
990
2168
1149
1193
2603
1405
1366
2984
1620
3422
1700
1772
3899
2105
4430
2269
4726
2589
2701
5013
2434
4445
2407
5082
5850
2917
5833
2818
5692
2528
4404
3458
1396
1960
1560
725
1324
1248
577
1106
1063
571
1126
1011
730
322
520
455
326
261
206
80
133
91
63
38
14
5
3
2
1
1
0
0
0
0
0
0
0
0
0
0
0
0
0
0
0
0
0
0
0
0
0
0
0
0
0
0
0
0
