256
2
0
0
0
0
0
0
0
0
0
0
0
0
4
0
0
0
0
0
0
0
0
2
0
0
0
0
0
4
0
0
0
0
0
11
0
0
0
5
0
0
0
7
0
0
0
20
0
0
0
25
0
0
31
0
0
31
0
0
61
0
59
0
0
76
0
94
0
0
104
0
141
0
165
0
198
0
241
0
238
0
230
0
261
0
246
251
0
280
0
279
0
262
311
0
353
336
0
353
362
0
374
382
0
374
383
380
0
363
410
378
0
391
404
358
393
0
430
442
415
440
393
432
0
455
453
415
459
495
560
586
676
769
867
931
1058
1239
1278
1365
1468
1537
1641
1639
1671
1711
1560
1658
1565
3254
1567
1624
1619
1543
1462
1479
2756
1321
1292
1332
2556
1300
1356
1360
2579
1199
1347
1271
2610
1291
1303
2583
1210
1245
2436
1225
2274
1053
1005
1992
930
1719
866
1591
770
722
1401
671
1298
670
1208
1147
568
1086
497
962
511
934
946
426
944
852
441
807
809
395
832
819
396
814
776
766
421
808
769
790
861
871
479
857
865
953
927
915
933
892
468
977
965
976
999
985
947
885
878
849
830
778
751
975
584
562
527
518
504
531
536
713
473
396
405
408
547
476
714
1460
3184
