256
0
0
0
0
0
0
0
0
0
0
0
0
0
0
0
0
0
0
0
0
0
0
0
0
0
0
0
0
0
0
0
0
0
0
0
0
0
0
0
0
0
0
0
0
0
0
0
0
0
0
0
0
0
0
0
0
0
0
0
0
0
0
0
0
0
0
0
0
0
0
0
0
0
0
0
0
0
0
0
0
0
0
0
0
0
0
0
0
0
0
0
0
0
0
0
0
1
0
0
2
0
0
2
0
1
4
8
0
20
46
79
0
154
278
420
388
0
413
451
488
535
555
554
0
585
657
616
696
740
763
787
799
786
813
884
928
972
954
1000
1064
1083
972
1054
1078
1105
1162
1134
1147
2446
1277
1259
1312
1261
1417
1396
2902
1591
1572
1620
3257
1632
1711
1738
3258
1713
1741
1724
3591
1784
1818
3653
1855
1844
3598
1833
3518
1726
1734
3514
1769
3369
1767
3343
1667
1507
3008
1519
2900
1460
2702
2563
1290
2429
1115
2390
1032
1962
1807
821
1575
1490
685
1360
1228
582
1081
984
444
926
826
704
388
666
652
634
533
490
262
521
422
409
364
374
328
311
152
282
275
243
252
225
208
200
185
146
177
141
148
168
114
132
80
97
96
88
77
123
71
99
73
64
107
68
71
58
49
