256
34
0
0
0
0
0
0
0
0
0
0
0
0
62
0
0
0
0
0
0
0
0
103
0
0
0
0
0
124
0
0
0
0
0
285
0
0
0
545
0
0
0
684
0
0
0
1505
0
0
0
698
0
0
364
0
0
251
0
0
223
0
188
0
0
182
0
179
0
0
205
0
294
0
348
0
422
0
385
0
320
0
396
0
355
0
398
362
0
439
0
436
0
492
535
0
596
647
0
721
743
0
898
1020
0
1132
1078
1053
0
1194
1389
1372
0
1442
1361
1269
1285
0
1328
1259
1236
1260
1413
1401
0
1136
976
829
815
756
714
683
619
571
541
582
650
734
659
624
603
590
645
601
572
579
626
619
662
1468
846
871
852
842
858
881
1845
911
1042
976
1970
1107
1131
1225
2565
1176
981
866
1638
824
925
1785
849
764
1438
646
1145
538
463
896
442
886
404
882
413
452
856
416
788
447
760
853
403
902
456
848
415
882
857
449
831
777
393
775
717
344
675
644
338
621
659
609
301
651
642
603
604
607
277
563
547
555
577
564
550
578
272
549
553
498
478
484
480
472
527
571
622
603
648
958
637
696
768
824
903
961
928
1399
912
955
1107
1110
1861
1677
2729
5440
9345
