256
0
0
0
0
0
0
0
0
0
0
0
0
0
0
0
0
0
0
0
0
0
0
0
0
0
0
0
0
0
0
0
0
0
0
0
0
0
0
0
0
0
0
0
0
0
0
0
0
0
0
0
0
0
0
0
0
0
0
0
0
0
0
0
0
0
0
0
0
0
0
0
0
0
0
0
0
0
0
0
0
0
0
0
0
0
0
0
0
0
0
0
0
0
2
0
3
6
0
34
60
0
154
256
0
381
472
607
0
610
703
820
0
832
922
955
1025
0
1157
1194
1229
1256
1275
1355
0
1348
1369
1406
1476
1489
1489
1548
1601
1695
1653
1682
1625
1718
1644
1637
1600
1565
1460
1394
1330
1186
1089
1016
979
1641
721
598
641
519
475
467
807
340
338
284
515
262
242
266
506
243
227
231
523
304
285
591
324
379
776
423
1007
535
467
1001
573
1106
546
1161
560
654
1456
846
2033
1202
2971
3458
1764
3172
1438
2740
1225
2201
2092
873
1523
1216
569
1007
800
337
528
412
169
286
258
234
112
199
196
195
234
312
209
493
581
961
1693
2568
2680
2440
1074
1485
730
430
277
191
287
448
433
409
396
358
339
501
339
302
219
176
133
55
43
43
38
33
36
36
114
192
685
4711
21360
