256
0
0
0
0
0
0
0
0
0
0
0
0
0
0
0
0
0
0
0
0
0
0
0
0
0
0
0
0
0
0
0
0
0
0
0
0
0
0
0
0
0
0
0
0
0
0
0
0
0
0
0
0
0
0
0
0
0
0
0
0
0
0
0
0
0
0
0
0
0
0
0
0
0
0
0
0
0
0
0
0
0
0
0
0
0
0
0
0
0
0
0
0
0
0
0
0
0
0
0
0
0
0
0
0
0
0
0
0
2
0
2
0
0
4
6
7
0
11
18
27
61
86
107
0
150
201
238
302
346
391
443
475
565
629
627
621
646
638
641
631
636
649
658
619
622
615
621
588
1201
590
586
580
591
604
608
1236
584
557
589
1177
578
576
550
1171
623
577
546
1208
619
631
1306
704
636
1361
611
1333
657
638
1291
671
1317
663
1310
662
657
1301
669
1331
701
1382
1425
747
1673
954
2047
1027
2164
2075
1051
1871
1913
977
1891
1927
959
1957
1913
1001
2083
2113
2181
1049
2124
2148
2133
2135
2121
1044
2014
1974
1946
1770
1725
1615
1603
807
1658
1558
1484
1425
1317
1231
1183
1190
1091
992
994
1033
1497
984
962
893
959
864
876
891
1205
902
834
905
1048
1493
899
935
1196
13679
