256
0
0
0
0
0
0
0
0
0
0
0
0
0
0
0
0
0
0
0
0
0
0
0
0
0
0
0
0
0
0
0
0
0
0
0
0
0
0
0
0
0
0
0
0
0
0
0
0
0
0
0
0
0
0
0
0
0
0
0
0
0
0
0
0
0
0
0
0
0
0
0
0
0
0
0
0
0
0
0
0
0
0
0
0
0
0
0
0
0
0
0
0
0
0
0
0
0
0
0
0
0
0
1
0
3
2
3
0
7
6
8
0
11
19
28
35
0
37
42
99
144
220
306
0
444
550
637
691
730
766
758
786
845
858
978
1006
1110
1132
1138
1171
1249
1198
1152
1161
1182
1146
1181
1198
2484
1243
1191
1215
1245
1128
1124
2218
1079
1113
1134
2161
1126
1070
1176
2350
1227
1293
1329
2880
1479
1557
3365
1792
1791
3980
2043
4219
2141
2197
4669
2340
4494
2198
4415
2281
2101
4453
2055
3783
1836
3379
3020
1371
2475
1107
1976
864
1689
1610
732
1339
1271
592
1105
1080
505
1024
964
405
801
708
634
276
486
394
383
374
348
177
311
255
257
236
239
219
218
104
207
186
164
168
184
161
174
172
168
146
163
127
247
144
161
138
142
146
145
157
226
165
172
167
159
282
304
680
1202
1803
