256
0
0
0
0
0
0
0
0
0
0
0
0
0
0
0
0
0
0
0
0
0
0
0
0
0
0
0
0
0
0
0
0
0
0
0
0
0
0
0
0
0
0
0
0
0
0
0
0
0
0
0
0
0
0
0
0
0
0
0
0
0
0
0
0
0
0
0
0
0
0
0
0
0
0
0
0
0
0
0
0
0
0
0
0
0
0
0
0
0
0
0
0
0
0
0
0
0
0
0
0
0
0
0
0
0
0
0
0
0
0
0
0
0
0
0
0
0
0
0
0
0
0
0
0
0
0
0
0
0
2
0
1
2
1
3
4
10
13
13
20
30
56
62
73
73
98
114
107
274
156
181
182
199
222
250
458
259
261
275
617
345
343
356
837
485
517
549
1110
643
765
1535
846
989
2138
1197
2604
1374
1436
3112
1593
3436
1719
3466
1695
1605
2980
1436
2530
1215
2358
2271
1106
2020
969
1728
790
1478
1453
677
1231
1158
562
1069
1016
473
1124
1190
826
1607
1518
1290
582
1076
1002
1131
1022
1069
486
933
871
924
866
944
979
998
446
863
1023
1055
1036
1009
956
975
968
977
1026
1197
1185
2024
1309
1269
1296
1382
1477
1568
1468
2078
1395
1495
1479
1413
2395
1995
3669
8645
17659
