256
0
0
0
0
0
0
0
0
0
0
0
0
0
0
0
0
0
0
0
0
0
0
0
0
0
0
0
0
0
0
0
0
0
0
0
0
0
0
0
0
0
0
0
0
0
0
0
0
0
0
0
0
0
0
0
0
0
0
0
0
0
0
0
0
0
0
0
0
0
0
0
0
0
0
0
0
0
0
0
0
0
0
0
0
0
0
0
0
0
0
0
0
0
0
0
0
0
0
0
0
0
0
0
0
0
0
0
0
0
0
1
0
5
17
24
20
0
17
39
31
12
5
4
0
4
6
10
12
15
13
12
18
19
19
17
15
24
20
20
14
27
30
30
27
28
34
29
31
81
65
73
68
68
83
106
193
115
137
144
284
158
185
228
606
328
324
388
759
383
393
847
411
489
1010
623
1455
718
752
1524
772
1637
981
1928
877
907
1908
905
1859
967
2109
1950
930
1958
935
1980
909
1987
2108
1149
2460
2617
1425
2692
2805
1581
3431
3714
1838
3659
3677
3794
1821
3793
3664
3608
3604
3846
1882
3736
4083
4348
4348
4247
3834
3640
1754
3300
3014
2620
2316
2126
1836
1702
1587
1426
1252
965
776
926
497
419
383
260
199
129
85
87
31
32
25
27
35
19
18
3
2
