256
0
0
0
0
0
0
0
0
0
0
0
0
0
0
0
0
0
0
0
0
0
0
0
0
0
0
0
0
0
0
0
0
0
0
0
0
0
0
0
0
0
0
0
0
0
0
0
0
0
0
0
0
0
0
0
0
0
0
0
0
0
0
0
0
0
0
0
0
0
0
0
0
0
0
0
0
0
0
0
0
0
0
0
0
0
0
0
0
0
0
0
0
0
0
0
0
0
0
0
0
0
0
0
0
0
0
0
0
0
0
1
0
0
5
117
542
0
741
640
526
440
523
534
0
522
563
639
658
721
716
682
714
697
679
630
666
648
698
666
657
678
660
652
688
729
667
677
757
1527
789
810
811
796
852
912
1773
921
998
999
2102
1073
1157
1160
2321
1284
1313
1360
2791
1472
1488
2938
1422
1401
2634
1225
2144
1003
931
1755
884
1595
786
1667
799
848
1710
899
1892
1012
1952
1935
897
1666
814
1406
694
1234
1160
572
1064
1065
465
1069
1105
619
1308
1397
706
1633
1793
2050
1203
2587
3046
3358
3518
3464
1689
3036
2534
2221
1868
1321
1176
998
460
885
827
735
722
624
649
570
515
541
531
602
556
902
628
664
705
753
627
692
733
931
609
509
499
464
657
484
496
551
270
