256
0
0
0
0
0
0
0
0
0
0
0
0
0
0
0
0
0
0
0
0
0
0
0
0
0
0
0
0
0
0
0
0
0
0
0
0
0
0
0
0
0
0
0
0
0
0
0
0
0
0
0
0
0
0
0
0
0
0
0
0
0
0
0
0
0
0
0
0
0
0
0
0
0
0
0
0
0
0
0
0
0
0
0
0
0
0
0
0
0
0
0
0
1
3
0
2
4
0
6
31
0
34
75
0
127
222
356
0
583
947
1589
0
2556
3580
3809
3486
0
3278
3078
2865
2857
2805
2696
0
2643
2735
2657
2707
2617
2589
2417
2373
2370
2335
2298
2257
2155
2188
2042
2075
1957
1908
1861
1801
1828
1621
1600
1496
3076
1489
1331
1349
1328
1346
1267
2454
1152
1201
1054
2018
1003
925
920
1737
823
792
793
1620
772
688
1415
654
652
1252
600
1136
562
582
1095
539
1147
516
1010
494
425
884
399
804
376
750
659
329
581
278
566
239
522
462
229
438
401
215
384
409
170
391
360
177
338
337
329
163
307
309
288
287
257
128
264
254
273
235
260
246
227
115
225
215
253
197
213
215
204
199
194
226
221
202
333
191
225
257
239
313
382
397
612
450
587
770
571
436
308
387
678
1324
