256
0
0
0
0
0
0
0
0
0
0
0
0
0
0
0
0
0
0
0
0
0
0
0
0
0
0
0
0
0
0
0
0
0
0
0
0
0
0
0
0
0
0
0
0
0
0
0
0
0
0
0
0
0
0
0
0
0
0
0
0
0
0
0
0
0
0
0
0
0
0
0
0
0
0
0
0
0
0
0
0
0
0
0
0
0
0
0
0
0
0
0
0
0
0
0
0
0
0
0
0
0
0
0
0
0
0
0
0
2
1
3
0
15
25
50
71
0
122
144
158
171
190
193
0
223
212
228
255
311
333
314
355
335
429
432
475
523
522
527
516
587
559
523
550
574
602
532
572
1112
581
592
574
531
607
622
1294
654
692
670
1387
769
705
725
1468
728
747
739
1563
738
834
1621
829
799
1720
865
1727
860
867
1705
916
1724
842
1861
983
978
1826
963
1883
942
1922
1951
1021
1989
1011
2055
988
2045
2114
1004
2104
2136
1066
2054
2106
1037
2093
2144
1111
2241
2189
2207
1192
2214
2317
2266
2235
2306
1124
2216
2149
2236
2196
2142
2073
2062
973
1915
1842
1787
1748
1607
1542
1465
1392
1309
1328
1140
1064
1489
896
811
776
713
702
632
573
845
541
512
539
460
885
612
850
1049
1211
