256
0
0
0
0
0
0
0
0
0
0
0
0
0
0
0
0
0
0
0
0
0
0
0
0
0
0
0
0
0
0
0
0
0
0
0
0
0
0
0
0
0
0
0
0
0
0
0
0
0
0
0
0
0
0
0
0
0
0
0
0
0
0
0
0
0
0
0
0
0
1
0
0
0
1
0
1
0
7
0
8
0
27
0
37
0
60
98
0
186
0
268
0
414
598
0
936
1363
0
1641
1662
0
1752
1623
0
1568
1470
1431
0
1452
1473
1497
0
1509
1422
1497
1538
0
1503
1497
1462
1428
1420
1368
0
1412
1282
1317
1374
1283
1276
1259
1287
1298
1265
1328
1263
1235
1296
1260
1256
1176
1191
1176
1212
1234
1177
1209
1281
2429
1238
1225
1267
1253
1246
1304
2724
1463
1344
1404
2943
1397
1548
1508
3082
1568
1577
1760
3503
1596
1573
2951
1503
1395
2707
1327
2621
1152
1111
2245
1086
2182
1157
2294
1114
1047
2018
995
1872
958
1653
1563
670
1242
623
1234
588
1027
947
407
756
637
309
502
559
262
519
572
282
537
496
426
234
394
375
326
331
278
123
206
173
113
123
106
131
136
43
62
33
33
23
16
12
10
5
11
5
5
0
6
4
1
1
3
4
2
0
3
2
0
2
1
1
0
1
0
0
