256
0
0
0
0
0
0
0
0
0
0
0
0
0
0
0
0
0
0
0
0
0
0
0
0
0
0
0
0
0
0
0
0
0
0
0
0
0
0
0
0
0
0
0
0
0
0
0
0
0
0
0
0
0
0
0
0
0
0
0
0
0
0
0
0
0
0
0
0
0
0
0
0
0
0
0
0
0
0
0
1
0
0
0
1
0
0
1
0
6
0
21
0
34
57
0
136
346
0
1047
1295
0
1423
1452
0
1275
1129
1052
0
950
900
909
0
955
897
881
934
0
955
998
999
908
946
974
0
931
926
960
911
950
969
987
999
1072
1062
1096
1179
1259
1361
1360
1487
1566
1616
1723
1777
1823
1922
1826
1857
3674
1789
1788
1771
1683
1719
1553
2990
1454
1477
1418
2701
1360
1261
1305
2592
1205
1178
1150
2101
899
887
1659
735
714
1301
675
1238
586
544
1216
608
1127
662
1269
657
684
1358
699
1559
803
1671
2107
1046
2133
1091
2181
974
2115
2054
1048
2112
1740
909
1713
1646
805
1698
1728
928
1830
1829
1736
864
1609
1206
1112
826
859
332
635
527
289
255
231
202
205
73
158
153
120
103
92
83
40
44
30
25
26
15
15
7
3
2
5
1
2
0
0
0
0
0
0
2
2
1
1
2
