256
0
0
0
0
0
0
0
0
0
0
0
0
0
0
0
0
0
0
0
0
0
0
0
0
0
0
0
0
0
0
0
0
0
0
0
0
0
0
0
0
0
0
0
0
0
0
0
0
0
0
0
0
0
0
0
0
0
0
0
0
0
0
0
0
0
0
0
0
0
0
0
0
0
0
0
0
0
0
0
0
0
0
0
0
0
0
0
0
0
0
0
0
0
0
0
0
0
0
0
0
0
0
0
0
0
1
8
0
8
16
24
0
60
81
76
118
0
88
92
71
81
78
78
0
74
59
71
62
54
78
101
124
150
245
342
377
411
467
569
569
583
569
568
563
542
482
516
475
918
469
452
449
442
476
469
905
486
511
510
1088
559
572
615
1421
780
816
837
1844
940
959
2111
1111
1125
2411
1259
2801
1399
1416
2938
1467
3027
1358
2872
1450
1372
2695
1285
2398
1147
2303
2167
1021
1981
922
1852
903
1940
1857
1061
2481
3170
2287
7874
13871
7662
14413
11114
3978
4987
2490
1213
367
472
290
181
112
92
38
50
45
30
20
10
7
9
6
8
7
4
4
3
4
1
0
1
0
0
0
0
0
0
1
0
0
1
0
0
0
0
0
0
0
0
0
0
0
