256
0
0
0
0
0
0
0
0
0
0
0
0
0
0
0
0
0
0
0
0
0
0
0
0
0
0
0
0
0
0
0
0
0
0
0
0
0
0
0
0
0
0
0
0
0
0
0
0
0
0
0
0
0
0
0
0
0
0
0
0
0
0
0
0
0
0
0
0
0
0
0
0
0
0
0
0
0
0
0
0
0
0
0
0
0
0
0
0
0
0
0
0
0
0
0
0
0
0
0
0
0
0
0
0
2
3
5
0
3
20
19
0
34
56
74
110
0
148
200
225
259
268
295
0
272
342
333
336
331
346
333
315
326
348
325
314
283
346
351
344
358
330
425
380
381
401
532
576
1273
799
1048
1092
1247
1270
1299
2854
1715
2107
2474
5334
3133
3367
3135
5055
2501
2573
2718
5769
3054
3115
6510
3138
3033
5836
2828
5798
2834
2673
5436
2719
5424
2464
4392
2037
1908
3653
1806
3352
1672
2972
2542
1158
1990
875
1565
639
1110
1007
459
849
687
289
585
448
217
353
289
138
219
206
199
91
127
105
87
73
65
33
46
32
36
24
12
18
17
4
7
9
4
2
4
5
3
1
1
1
0
1
1
0
0
1
1
0
0
0
0
0
0
0
0
0
0
0
0
0
