256
4
0
0
0
0
0
0
0
0
0
0
0
0
8
0
0
0
0
0
0
0
0
16
0
0
0
0
0
33
0
0
0
0
0
53
0
0
0
88
0
0
0
104
0
0
0
147
0
0
0
212
0
0
461
0
0
697
0
0
489
0
238
0
0
161
0
125
0
0
96
0
122
0
89
0
96
0
89
0
83
0
84
0
65
0
79
70
0
71
0
60
0
61
67
0
75
107
0
162
215
0
259
262
0
323
371
391
0
398
333
298
0
263
274
268
255
0
233
257
309
290
322
281
0
297
307
385
412
514
629
843
1095
1464
1901
2263
2462
2829
2923
3022
3280
3038
3016
3036
3099
3091
3046
2960
3017
5768
2835
2702
2782
2663
2400
2298
4425
2008
1942
2009
3747
1777
1640
1585
3086
1491
1379
1462
2556
1226
1231
2150
939
955
1801
759
1412
665
649
1257
622
1200
611
1196
571
549
1100
608
1121
518
1050
1035
482
943
476
951
426
884
889
429
857
817
442
746
659
322
564
508
275
422
410
397
163
350
314
318
306
289
148
249
282
225
241
244
227
220
110
208
206
204
202
167
170
189
164
157
140
169
171
230
150
157
115
141
118
144
118
192
144
143
145
136
222
191
305
550
845
