256
11
0
0
0
0
0
0
0
0
0
0
0
0
15
0
0
0
0
0
0
0
0
38
0
0
0
0
0
68
0
0
0
0
0
149
0
0
0
273
0
0
0
1039
0
0
0
29797
0
0
0
13533
0
0
14530
0
0
8880
0
0
4439
0
2628
0
0
2020
0
1724
0
0
1571
0
1404
0
1259
0
1015
0
971
0
771
0
731
0
676
0
619
577
0
581
0
529
0
501
456
0
417
425
0
397
395
0
345
375
0
373
334
319
0
330
352
366
0
358
281
328
314
0
306
290
296
301
297
311
0
279
253
283
307
299
287
295
307
317
282
286
273
314
276
301
269
287
289
285
307
302
294
308
306
692
323
335
358
404
378
399
838
424
420
480
846
394
399
379
747
379
417
367
785
396
408
769
411
408
891
465
927
416
472
884
380
804
405
753
380
393
818
397
782
398
743
719
356
800
431
820
366
817
791
367
805
707
359
731
636
306
631
604
310
686
663
658
313
683
765
792
809
793
422
839
736
500
359
321
326
318
172
339
343
339
359
379
480
423
446
405
371
377
344
336
149
108
76
85
115
155
156
99
16
3
0
0
0
0
1
0
1
