256
108
0
0
0
0
0
0
0
0
0
0
0
0
179
0
0
0
0
0
0
0
0
141
0
0
0
0
0
267
0
0
0
0
0
777
0
0
0
2341
0
0
0
1196
0
0
0
828
0
0
0
558
0
0
462
0
0
327
0
0
298
0
252
0
0
267
0
235
0
0
229
0
230
0
249
0
237
0
250
0
251
0
279
0
269
0
270
305
0
290
0
314
0
328
386
0
382
413
0
391
452
0
480
469
0
485
473
506
0
554
484
519
0
599
544
614
597
0
659
673
707
765
735
738
0
713
818
860
885
877
908
952
941
1031
1044
1035
1049
1110
1128
1197
1137
1159
1190
1245
1281
1292
1373
1414
1394
2892
1530
1544
1447
1532
1597
1494
3061
1548
1565
1482
3015
1440
1450
1534
2972
1462
1459
1438
2871
1346
1282
2624
1307
1263
2433
1214
2351
1155
1062
2166
1050
2075
999
1925
922
870
1747
863
1620
785
1452
1426
735
1336
661
1279
621
1208
1142
525
1053
1067
469
1016
943
453
920
858
411
854
765
740
375
750
740
715
665
639
286
611
562
558
529
506
474
470
240
426
430
394
360
396
361
348
309
325
322
299
282
367
256
213
204
229
188
192
185
257
175
144
149
125
239
150
122
75
38
