256
0
0
0
0
0
0
0
0
0
0
0
0
0
0
0
0
0
0
0
0
0
0
0
0
0
0
0
0
0
0
0
0
0
0
5
0
0
0
0
0
0
0
3
0
0
0
6
0
0
0
4
0
0
9
0
0
11
0
0
20
0
14
0
0
26
0
34
0
0
33
0
59
0
59
0
58
0
85
0
112
0
154
0
161
0
171
203
0
225
0
289
0
272
369
0
414
505
0
533
549
0
631
783
0
864
958
1004
0
1107
1131
1247
0
1329
1459
1290
1365
0
1449
1448
1480
1602
1532
1578
0
1499
1405
1460
1348
1307
1246
1141
1129
1056
1048
985
897
935
878
862
823
838
776
790
717
787
743
689
714
1392
722
696
673
699
713
658
1384
717
724
677
1388
714
696
699
1442
758
718
750
1587
806
834
1674
855
908
1862
920
1961
1057
1070
2177
1110
2172
1142
2312
1231
1144
2522
1324
2537
1258
2491
2513
1216
2473
1212
2346
1170
2271
2146
1004
1936
1797
929
1718
1614
773
1543
1468
690
1407
1286
1290
599
1193
1128
1006
907
922
463
861
828
774
751
693
658
548
328
587
494
484
459
419
375
396
360
348
328
289
275
393
228
223
222
206
170
161
167
196
140
119
114
99
134
108
156
170
233
