256
19
0
0
0
0
0
0
0
0
0
0
0
0
25
0
0
0
0
0
0
0
0
81
0
0
0
0
0
244
0
0
0
0
0
1318
0
0
0
10918
0
0
0
9402
0
0
0
9965
0
0
0
4744
0
0
2378
0
0
1601
0
0
1240
0
1025
0
0
851
0
772
0
0
730
0
713
0
657
0
624
0
581
0
642
0
614
0
664
0
672
669
0
688
0
702
0
683
734
0
737
733
0
764
839
0
765
767
0
759
702
718
0
748
718
726
0
750
720
705
722
0
679
634
667
694
697
684
0
641
661
715
635
663
663
698
655
608
590
620
617
595
612
619
601
653
608
620
620
645
575
637
547
1187
606
577
621
599
535
585
1145
595
545
544
1150
546
540
559
1094
542
544
558
1197
572
558
1221
629
619
1224
621
1213
653
643
1267
667
1362
684
1449
678
713
1473
757
1476
707
1493
1451
711
1398
686
1344
665
1388
1319
653
1325
1320
567
1221
1149
583
1056
967
499
870
777
809
339
666
548
479
437
436
194
349
337
295
296
297
293
299
133
255
249
230
211
207
218
184
190
161
198
165
171
247
180
160
152
163
158
143
151
240
166
247
307
407
722
595
651
536
651
