256
0
0
0
0
0
0
0
0
0
0
0
0
0
0
0
0
0
0
0
0
0
0
0
0
0
0
0
0
0
0
0
0
0
0
3
0
0
0
3
0
0
0
4
0
0
0
5
0
0
0
15
0
0
15
0
0
25
0
0
25
0
43
0
0
45
0
63
0
0
104
0
107
0
154
0
185
0
245
0
307
0
325
0
403
0
415
400
0
394
0
398
0
413
445
0
411
435
0
468
483
0
507
516
0
467
566
603
0
606
593
702
0
724
725
800
784
0
780
818
820
821
849
878
0
898
896
917
865
879
981
986
1085
1022
1092
1024
1048
1036
1120
1097
1073
1108
1081
1093
1161
1148
1127
1130
1108
2137
1095
1076
1099
1103
1097
1128
2183
1054
1045
1094
2204
1027
1025
1075
1924
992
980
975
1933
968
986
1855
961
954
1787
884
1783
959
867
1607
876
1720
831
1634
842
809
1583
822
1611
799
1538
1563
780
1548
793
1573
738
1582
1473
705
1481
1394
745
1332
1339
656
1286
1252
644
1156
1113
1137
518
1070
1066
1018
957
977
448
986
894
903
853
799
781
785
405
763
715
758
721
682
644
650
654
651
661
632
639
881
577
616
531
546
548
509
508
778
506
491
560
516
970
936
1329
1267
618
