256
19
0
0
0
0
0
0
0
0
0
0
0
0
31
0
0
0
0
0
0
0
0
50
0
0
0
0
0
75
0
0
0
0
0
144
0
0
0
191
0
0
0
300
0
0
0
496
0
0
0
812
0
0
1237
0
0
1908
0
0
1750
0
1339
0
0
975
0
830
0
0
721
0
672
0
661
0
640
0
646
0
626
0
609
0
571
0
597
632
0
601
0
598
0
620
621
0
682
625
0
693
703
0
701
734
0
755
722
785
0
778
811
825
0
805
791
833
797
0
775
877
829
846
794
800
0
786
830
826
864
841
844
823
808
822
844
862
813
856
790
797
772
841
786
820
824
763
747
768
737
1476
711
718
697
736
676
690
1336
690
687
661
1241
662
665
649
1222
626
590
615
1212
622
635
1243
604
573
1185
614
1163
556
564
1156
518
1056
517
977
493
437
918
457
862
398
802
801
343
722
335
682
335
661
600
324
576
546
279
494
514
234
449
405
190
414
366
339
188
287
288
288
271
261
107
252
218
213
214
198
202
194
83
181
179
166
142
166
147
161
132
152
129
135
124
197
124
119
111
111
95
104
87
209
167
323
986
2955
6075
5322
5820
7308
21294
