256
96
0
0
0
0
0
0
0
0
0
0
0
0
80
0
0
0
0
0
0
0
0
149
0
0
0
0
0
191
0
0
0
0
0
283
0
0
0
425
0
0
0
665
0
0
0
1305
0
0
0
1162
0
0
852
0
0
664
0
0
494
0
510
0
0
412
0
414
0
0
415
0
440
0
443
0
438
0
504
0
482
0
522
0
600
0
546
607
0
675
0
593
0
693
649
0
754
761
0
813
864
0
876
945
0
959
987
974
0
1096
1052
1094
0
1105
1150
1092
1138
0
1171
1205
1253
1229
1258
1253
0
1208
1299
1314
1288
1259
1192
1258
1226
1185
1182
1169
1188
1188
1175
1204
1178
1144
1108
1147
1068
992
884
891
889
1646
824
914
851
893
996
957
2112
1075
1138
1169
2483
1300
1413
1490
3166
1653
1725
1832
3968
2008
2042
4044
2018
1924
3915
1994
3757
1920
1945
3758
2072
3862
1914
3653
1730
1671
2655
1062
1415
480
678
407
147
223
68
151
67
134
116
75
141
134
84
207
253
106
187
101
31
63
48
77
31
51
51
53
54
38
19
52
40
45
33
47
46
35
21
39
50
30
45
39
44
45
39
42
41
37
46
52
39
42
33
40
37
36
45
66
41
57
52
57
113
130
211
487
834
