256
0
0
0
0
0
0
0
0
0
0
0
0
0
0
0
0
0
0
0
0
0
0
1
0
0
0
0
0
0
0
0
0
0
0
2
0
0
0
9
0
0
0
5
0
0
0
12
0
0
0
17
0
0
22
0
0
30
0
0
43
0
44
0
0
59
0
74
0
0
86
0
98
0
126
0
192
0
264
0
357
0
611
0
2200
0
980
702
0
586
0
519
0
535
517
0
549
518
0
556
596
0
570
616
0
634
678
696
0
699
755
756
0
769
740
804
833
0
788
754
773
770
704
665
0
617
563
553
476
451
447
350
428
372
359
385
404
361
379
377
457
430
425
412
441
438
428
444
428
905
428
449
392
435
465
510
989
504
533
540
1134
655
726
961
2522
1667
2180
2712
7254
4545
5318
12131
6600
6593
13171
6180
11183
4745
4145
6527
2348
3385
1100
1413
506
402
556
209
371
129
296
236
104
188
90
139
60
123
121
48
90
89
40
84
69
33
80
67
29
54
44
42
19
39
48
36
29
43
15
31
22
36
28
25
30
27
9
29
20
24
21
19
33
28
20
14
14
16
12
10
8
10
11
17
14
6
4
24
13
7
7
8
18
30
35
46
63
