256
0
0
0
0
0
0
0
0
0
0
0
0
0
0
0
0
0
0
0
0
0
0
0
0
0
0
0
0
2
0
0
0
0
0
3
0
0
0
2
0
0
0
7
0
0
0
12
0
0
0
12
0
0
16
0
0
14
0
0
10
0
9
0
0
8
0
7
0
0
13
0
15
0
16
0
16
0
25
0
22
0
26
0
30
0
31
54
0
47
0
70
0
71
90
0
84
114
0
121
133
0
141
134
0
133
131
167
0
175
190
189
0
209
212
230
202
0
217
208
234
237
256
265
0
298
256
260
284
284
286
311
308
338
356
363
347
370
398
411
405
424
421
465
442
482
500
495
488
1068
583
583
563
587
607
648
1403
720
752
809
1543
766
898
889
1805
1006
948
993
2206
1082
1201
2324
1287
1373
2763
1476
2927
1605
1648
3449
1863
3603
1922
3995
1878
2032
4110
1983
4031
2077
3947
3904
1947
3579
1827
3535
1587
3071
3023
1378
2619
2479
1147
2185
1976
963
1790
1727
794
1520
1356
1267
615
1135
1095
1023
910
877
434
793
727
717
722
701
684
659
322
597
610
580
537
559
564
516
513
553
491
448
445
645
402
382
352
342
298
305
310
428
327
285
272
198
266
212
236
299
1786
