256
0
0
0
0
0
0
0
0
0
0
0
0
0
0
0
0
0
0
0
0
0
0
0
0
0
0
0
0
0
0
0
0
0
0
0
0
0
0
0
0
0
0
0
0
0
0
0
0
0
0
2
0
0
1
0
0
2
0
0
5
0
6
0
0
10
0
27
0
0
51
0
67
0
86
0
142
0
242
0
343
0
586
0
935
0
723
688
0
638
0
588
0
552
581
0
562
570
0
587
602
0
590
645
0
592
667
687
0
741
734
790
0
757
756
802
780
0
853
895
892
903
1021
1037
0
1037
1028
1117
1101
1156
1070
1184
1220
1210
1287
1279
1221
1243
1293
1328
1391
1404
1413
1520
1371
1472
1473
1580
1576
3113
1561
1645
1626
1739
1689
1700
3432
1701
1763
1745
3506
1642
1715
1699
3356
1673
1657
1633
3223
1623
1571
3063
1395
1493
2934
1415
2774
1366
1376
2658
1244
2442
1154
2320
1103
1036
2151
1025
1949
895
1757
1689
763
1512
667
1344
633
1221
1197
496
1053
957
436
810
758
350
673
647
318
556
566
490
221
378
378
340
294
282
137
233
196
151
120
78
72
28
11
21
12
7
5
8
6
4
1
3
1
1
1
1
1
0
0
0
0
0
0
0
0
0
0
0
0
0
0
0
0
