256
0
0
0
0
0
0
0
0
0
0
0
0
0
0
0
0
0
0
0
0
0
0
0
0
0
0
0
0
2
0
0
0
0
0
5
0
0
0
4
0
0
0
4
0
0
0
6
0
0
0
10
0
0
7
0
0
2
0
0
6
0
5
0
0
11
0
3
0
0
8
0
10
0
20
0
26
0
46
0
110
0
221
0
337
0
378
474
0
567
0
628
0
676
745
0
738
794
0
726
664
0
657
583
0
593
575
468
0
475
486
451
0
444
383
430
381
0
411
370
410
401
427
379
0
431
402
405
433
424
435
461
426
457
423
441
393
406
452
427
475
432
486
473
490
511
526
491
490
1044
525
484
498
518
505
520
1085
546
505
493
1027
511
509
527
1063
508
548
590
1128
589
608
1154
572
597
1193
588
1165
574
620
1257
591
1264
663
1317
701
695
1360
680
1546
742
1638
1554
895
1714
857
1848
959
1870
1910
971
1926
1941
985
2010
1979
956
1896
1800
857
1760
1795
1749
800
1598
1512
1495
1445
1331
606
1234
1186
1138
1083
1015
877
861
453
736
684
638
628
609
647
913
1028
1174
1369
1978
2074
3228
1886
2389
2371
2439
2709
2634
3060
4671
1866
1049
937
929
1015
625
1190
439
25
