256
3
0
0
0
0
0
0
0
0
0
0
0
0
1
0
0
0
0
0
0
0
0
4
0
0
0
0
0
5
0
0
0
0
0
6
0
0
0
5
0
0
0
6
0
0
0
10
0
0
0
30
0
0
48
0
0
51
0
0
62
0
470
0
0
1078
0
988
0
0
987
0
824
0
562
0
529
0
522
0
405
0
379
0
446
0
424
477
0
471
0
495
0
484
552
0
590
611
0
671
627
0
594
710
0
669
745
752
0
899
1049
1203
0
1316
1491
1689
2159
0
2504
2956
3066
2813
2150
1727
0
1378
1052
845
711
690
605
647
673
632
571
623
679
591
689
700
749
918
994
1055
1261
1338
1504
1559
1813
3929
1961
1969
1908
1903
1930
1834
3630
1769
1721
1635
3113
1358
1347
1271
2300
1095
1043
866
1630
654
649
1113
501
460
814
371
689
353
297
576
237
554
236
491
220
249
430
239
428
210
434
425
224
433
221
420
236
437
419
255
485
461
222
461
515
223
492
547
261
541
580
589
301
645
657
665
704
708
349
734
762
765
756
797
841
879
468
880
938
966
965
1113
1112
1177
1163
1143
1035
990
992
1332
866
800
836
760
693
697
681
886
556
512
437
420
531
264
312
338
519
