256
0
0
0
0
0
0
0
0
0
0
0
0
0
0
0
0
0
0
0
0
0
0
0
0
0
0
0
0
0
0
0
0
0
0
0
0
0
0
0
0
0
0
2
0
0
0
0
0
0
0
1
0
0
1
0
0
2
0
0
13
0
67
0
0
99
0
185
0
0
328
0
407
0
522
0
649
0
670
0
693
0
679
0
732
0
724
758
0
765
0
829
0
882
944
0
888
961
0
979
1037
0
960
992
0
926
1056
1024
0
1106
1121
1165
0
1100
1238
1223
1251
0
1333
1352
1311
1334
1434
1468
0
1548
1637
1705
1726
1691
1753
1785
1822
1872
1911
1918
1981
1908
1894
2010
1958
1853
1863
1790
1667
1695
1612
1566
1515
2751
1316
1227
1171
1063
1074
1047
1892
888
807
844
1586
762
780
624
1147
510
480
427
787
389
357
643
295
289
593
269
577
281
275
523
251
531
242
449
237
224
478
254
494
248
529
529
264
549
281
596
299
665
706
349
707
720
403
806
865
426
931
914
456
976
1045
919
453
881
950
1005
963
1073
569
1229
1346
1482
1675
1911
2145
2200
1170
2281
2263
2079
1894
1527
1199
904
687
470
342
239
173
172
59
51
29
24
15
16
6
8
2
1
0
0
0
0
0
0
0
