256
0
0
0
0
0
0
0
0
0
0
0
0
0
0
0
0
0
0
0
0
0
0
0
0
0
0
0
0
0
0
0
0
0
0
0
0
0
0
0
0
0
0
0
0
0
0
0
0
0
0
0
0
0
0
0
0
0
0
0
0
0
0
0
0
0
0
2
0
0
1
0
3
0
4
0
7
0
11
0
33
0
71
0
142
0
193
282
0
318
0
325
0
326
294
0
256
215
0
191
206
0
170
181
0
204
222
222
0
233
237
272
0
310
303
317
314
0
357
348
343
384
369
378
0
407
383
350
408
401
429
379
374
385
440
415
397
392
388
454
421
425
395
437
421
479
424
378
423
899
429
405
455
432
466
456
1050
517
495
599
1194
624
687
727
1405
745
763
809
1695
907
882
1850
989
1003
2174
1135
2334
1206
1208
2559
1279
2655
1346
2903
1398
1379
2966
1421
2989
1368
2892
2913
1425
2985
1434
2855
1340
2599
2573
1253
2457
2232
1158
2238
2003
1017
1985
1989
1029
1816
1913
1814
903
1798
1735
1727
1616
1577
756
1450
1366
1423
1307
1277
1190
1213
566
1049
1122
1119
1040
1014
1145
1116
1186
1194
1137
1199
1180
1529
904
885
806
769
642
594
561
651
351
257
172
107
109
46
26
9
6
