256
0
0
0
0
0
0
0
0
0
0
0
0
0
0
0
0
0
0
0
0
0
0
1
0
0
0
0
0
0
0
0
0
0
0
1
0
0
0
7
0
0
0
17
0
0
0
18
0
0
0
49
0
0
106
0
0
167
0
0
290
0
554
0
0
580
0
548
0
0
581
0
643
0
728
0
750
0
786
0
871
0
781
0
760
0
757
723
0
738
0
805
0
816
751
0
788
857
0
901
884
0
817
861
0
835
859
925
0
1068
1217
1184
0
1210
1201
1295
1273
0
1292
1364
1444
1497
1635
1579
0
1563
1619
1575
1632
1582
1629
1591
1600
1588
1615
1655
1760
1771
1769
1779
1636
1706
1716
1540
1549
1573
1499
1555
1385
2749
1300
1266
1167
1115
1171
1099
1996
1020
948
894
1825
872
822
807
1599
798
739
740
1465
691
691
1330
630
636
1242
587
1123
604
516
1051
524
1011
453
997
450
444
888
454
890
414
841
797
433
795
383
763
404
778
737
390
692
658
310
623
643
317
733
645
345
653
686
630
276
615
611
583
609
580
296
661
661
723
706
732
706
778
383
808
883
1099
1154
1253
1184
1315
1092
766
557
611
568
943
619
537
504
479
417
318
216
106
26
16
14
10
8
0
2
1
0
