256
0
0
0
0
0
0
0
0
0
0
0
0
0
0
0
0
0
0
0
0
0
0
0
0
0
0
0
0
0
0
0
0
0
0
0
0
0
0
0
0
0
0
0
0
0
0
0
0
0
0
0
0
0
0
0
0
0
0
0
1
0
4
0
0
4
0
24
0
0
44
0
111
0
123
0
115
0
127
0
139
0
166
0
151
0
218
202
0
218
0
251
0
291
320
0
293
320
0
340
366
0
405
404
0
427
490
541
0
490
482
536
0
575
522
503
501
0
510
455
424
413
382
377
0
366
324
340
305
323
287
292
293
278
270
276
269
278
256
246
239
264
238
246
252
214
232
235
225
418
215
215
223
208
222
194
387
215
195
204
397
218
172
178
368
197
173
146
355
172
196
365
200
181
383
173
373
193
198
457
224
445
210
461
250
246
408
244
410
227
435
441
190
424
197
379
209
413
428
201
455
481
233
514
557
316
663
649
333
653
674
734
426
992
1045
1015
1149
1289
723
1358
1405
1536
1645
1834
2379
3606
2603
7418
10390
12615
16242
14149
10945
7359
5452
3748
1833
800
302
319
153
117
76
55
43
22
22
20
0
4
0
4
0
0
0
0
0
