256
0
0
0
0
0
0
0
0
0
0
0
0
0
0
0
0
0
0
0
0
0
0
0
0
0
0
0
0
0
0
0
0
0
0
0
0
0
0
3
0
0
0
1
0
0
0
3
0
0
0
6
0
0
4
0
0
12
0
0
13
0
55
0
0
86
0
187
0
0
455
0
485
0
550
0
608
0
467
0
526
0
601
0
677
0
681
634
0
679
0
677
0
810
878
0
935
912
0
1002
1020
0
1038
1181
0
1430
1664
1665
0
1658
1822
1706
0
1624
1737
1839
1754
0
1846
1854
1937
1982
2117
2171
0
2415
2515
2634
2661
2665
2661
2639
2454
2389
2272
2038
1937
1877
1890
1891
1778
1724
1691
1684
1588
1582
1651
1564
1556
2835
1424
1358
1329
1339
1329
1392
2793
1440
1409
1437
2791
1452
1449
1435
2810
1405
1378
1326
2559
1319
1246
2444
1073
1112
2137
1033
2064
957
954
1706
789
1371
672
1046
517
439
796
346
606
293
469
422
162
292
135
257
101
184
154
61
100
81
38
71
60
32
43
40
17
33
23
19
9
18
22
13
9
8
4
8
8
1
3
9
6
6
5
3
10
10
9
7
5
10
6
9
8
4
3
9
4
6
6
3
2
2
2
1
0
1
0
0
0
0
0
0
0
