256
0
0
0
0
0
0
0
0
0
0
0
0
0
0
0
0
0
0
0
0
0
0
0
0
0
0
0
0
2
0
0
0
0
0
1
0
0
0
10
0
0
0
16
0
0
0
53
0
0
0
86
0
0
234
0
0
819
0
0
5387
0
28697
0
0
6339
0
4638
0
0
3033
0
2972
0
2685
0
2295
0
2089
0
2405
0
2318
0
2338
0
2600
2570
0
2627
0
2845
0
2615
2477
0
2653
2751
0
2800
2649
0
2627
2542
0
2609
2926
3092
0
3151
3122
2911
0
2612
2235
1765
1436
0
1282
957
865
764
710
687
0
611
632
633
646
672
638
640
585
591
546
512
501
423
407
442
360
355
344
339
289
314
282
292
226
496
213
217
241
208
203
223
395
192
190
179
273
108
122
101
195
70
75
79
122
72
55
135
52
61
110
51
86
46
53
111
58
157
66
122
73
62
135
69
161
95
176
162
85
163
78
151
94
181
188
89
179
150
79
181
160
102
166
173
88
177
177
180
77
179
217
212
212
179
96
172
154
150
155
153
150
148
67
118
131
127
126
98
115
111
118
93
123
114
100
150
60
70
58
48
42
39
52
57
59
47
50
53
99
74
241
18
1
