256
0
0
0
0
0
0
0
0
0
0
0
0
0
0
0
0
0
0
0
0
0
0
0
0
0
0
0
0
0
0
0
0
0
0
0
0
0
0
1
0
0
0
0
0
0
0
1
0
0
0
1
0
0
5
0
0
6
0
0
5
0
17
0
0
20
0
28
0
0
24
0
40
0
65
0
99
0
103
0
114
0
185
0
213
0
234
277
0
323
0
719
0
379
341
0
244
242
0
256
213
0
222
223
0
195
201
212
0
213
224
209
0
228
219
224
258
0
266
249
246
266
259
266
0
274
311
326
329
356
374
413
448
410
452
505
537
586
602
667
694
694
697
785
786
859
931
958
1005
2323
1333
1523
1531
1823
2269
2533
5633
2940
2710
2469
4846
2385
2403
2441
5058
2317
2478
2431
4304
2104
2145
4119
1891
1904
3768
1950
3835
1935
1753
3396
1591
2853
1279
2501
1167
1128
2339
1070
2277
1132
2028
1856
915
1605
753
1443
740
1464
1482
724
1423
1477
742
1408
1469
726
1253
1187
563
1082
1005
855
440
841
670
448
379
288
134
223
169
110
89
57
32
16
13
22
15
11
7
3
3
2
1
1
1
2
1
0
1
1
0
0
0
0
0
0
0
0
0
0
0
0
0
0
0
