256
4
0
0
0
0
0
0
0
0
0
0
0
0
9
0
0
0
0
0
0
0
0
13
0
0
0
0
0
23
0
0
0
0
0
49
0
0
0
56
0
0
0
123
0
0
0
203
0
0
0
278
0
0
500
0
0
591
0
0
750
0
846
0
0
846
0
825
0
0
843
0
830
0
840
0
828
0
824
0
865
0
942
0
962
0
959
942
0
1038
0
1125
0
1117
1124
0
1230
1245
0
1247
1260
0
1332
1362
0
1322
1431
1472
0
1503
1532
1559
0
1467
1569
1567
1555
0
1612
1554
1566
1505
1501
1522
0
1490
1485
1559
1415
1412
1402
1373
1441
1453
1423
1413
1476
1378
1459
1409
1438
1377
1447
1459
1355
1401
1384
1439
1503
2772
1407
1374
1345
1374
1364
1359
2567
1308
1303
1303
2425
1231
1092
1125
2234
1063
1021
1063
1946
947
945
1756
867
804
1618
744
1437
679
658
1246
600
1146
571
1096
479
487
935
447
846
409
760
707
349
672
308
611
296
627
506
259
485
519
235
468
423
211
384
372
176
348
328
355
143
305
308
292
238
254
139
248
206
203
207
204
189
203
96
185
167
179
207
165
172
178
174
149
154
170
204
303
215
239
225
187
213
224
171
281
186
209
302
438
855
704
560
265
34
