256
108
0
0
0
0
0
0
0
0
0
0
0
0
118
0
0
0
0
0
0
0
0
144
0
0
0
0
0
203
0
0
0
0
0
285
0
0
0
410
0
0
0
588
0
0
0
855
0
0
0
1244
0
0
1941
0
0
3606
0
0
9991
0
21148
0
0
6342
0
4467
0
0
3008
0
2362
0
1943
0
1644
0
1443
0
1367
0
1267
0
1193
0
1172
1123
0
1082
0
1028
0
967
940
0
930
865
0
905
861
0
909
808
0
802
779
841
0
817
783
787
0
747
725
711
739
0
734
737
745
775
761
755
0
676
702
741
690
735
753
718
707
780
736
779
804
766
802
820
819
790
804
861
860
818
861
838
914
1793
903
923
975
895
879
901
1751
826
846
819
1546
737
677
661
1306
598
551
545
1033
487
470
831
375
367
732
351
642
337
302
575
257
617
265
538
281
259
518
249
517
235
474
537
254
458
228
462
214
432
414
209
440
427
200
395
393
206
367
382
188
364
336
360
171
336
326
340
286
339
154
320
276
297
299
290
303
343
108
244
270
270
235
244
240
239
223
242
197
223
225
310
203
193
184
210
202
189
182
260
144
135
135
177
261
121
54
11
1
