256
0
0
0
0
0
0
0
0
0
0
0
0
0
0
0
0
0
0
0
0
0
0
0
0
0
0
0
0
0
0
0
0
0
0
0
0
0
0
0
0
0
0
0
0
0
0
0
0
0
0
0
0
0
0
0
0
0
0
0
0
0
0
0
0
0
0
0
0
0
0
0
0
0
0
0
0
0
2
0
0
0
1
0
3
0
3
4
0
10
0
31
0
34
61
0
57
78
0
74
106
0
104
102
0
108
113
147
0
303
697
1048
0
1338
1502
1660
1930
0
2682
3334
3714
4144
4535
4933
0
4858
4678
3964
3560
2956
2468
2014
1589
1281
1049
857
755
630
567
543
466
420
367
314
346
286
260
244
252
531
273
349
353
328
373
347
692
330
316
287
514
237
189
207
387
173
158
158
292
163
148
337
162
184
374
175
402
196
211
402
224
443
206
347
205
179
379
168
358
180
336
388
177
390
173
316
203
329
354
174
333
334
150
347
317
172
347
363
151
324
299
344
163
364
384
397
355
383
193
443
427
436
440
491
452
485
260
478
476
488
517
553
528
571
565
570
569
647
639
1006
721
668
800
736
780
867
901
1478
1090
1161
1394
1522
3765
5634
11886
15884
5994
