256
0
0
0
0
0
0
0
0
0
0
0
0
0
0
0
0
0
0
0
0
0
0
0
0
0
0
0
0
0
0
0
0
0
0
0
0
0
0
0
0
0
0
0
0
0
0
0
0
0
0
0
0
0
0
0
0
0
0
0
1
0
2
0
0
4
0
1
0
0
5
0
11
0
14
0
26
0
39
0
59
0
90
0
126
0
174
278
0
387
0
580
0
830
1323
0
2161
4318
0
2590
1848
0
1440
1256
0
1109
1123
1077
0
1042
1036
1011
0
1047
1001
1077
1127
0
1104
1116
1109
1130
1195
1158
0
1210
1238
1246
1310
1296
1316
1198
1295
1334
1369
1312
1360
1377
1333
1279
1315
1298
1261
1340
1357
1324
1336
1332
1354
2555
1267
1263
1257
1340
1280
1293
2534
1242
1178
1203
2454
1160
1190
1179
2257
1168
1080
1059
2057
1118
1015
2032
1040
1033
1976
1008
1962
983
918
1888
896
1834
903
1695
853
818
1748
814
1604
703
1493
1407
732
1354
680
1290
569
1181
1204
559
1135
1128
510
1033
1075
514
1081
1013
475
898
921
823
393
787
686
669
610
553
280
454
405
362
314
295
274
206
96
171
149
109
106
101
58
53
64
61
43
43
43
61
37
37
42
39
47
42
41
67
48
50
69
71
140
134
251
534
959
