256
3
0
0
0
0
0
0
0
0
0
0
0
0
2
0
0
0
0
0
0
0
0
4
0
0
0
0
0
4
0
0
0
0
0
13
0
0
0
25
0
0
0
38
0
0
0
56
0
0
0
90
0
0
142
0
0
222
0
0
305
0
446
0
0
742
0
1428
0
0
3723
0
3209
0
1558
0
1212
0
1001
0
908
0
856
0
804
0
886
849
0
907
0
936
0
921
955
0
968
976
0
1040
1107
0
1114
1070
0
1196
1271
1258
0
1413
1426
1440
0
1493
1475
1417
1411
0
1463
1489
1512
1435
1370
1438
0
1410
1430
1385
1472
1398
1483
1460
1485
1481
1425
1448
1467
1450
1544
1521
1397
1534
1447
1438
1537
1534
1530
1488
1491
3163
1591
1630
1612
1533
1616
1537
3044
1579
1441
1488
2906
1412
1411
1409
2486
1282
1231
1182
2254
1040
958
1710
782
799
1291
534
1054
485
412
827
352
728
309
682
308
292
547
267
570
270
569
514
255
491
244
502
217
479
470
228
459
437
210
464
470
241
392
446
221
440
499
492
264
462
500
475
536
502
228
504
520
502
476
489
510
454
262
450
388
338
321
251
216
178
131
117
78
53
50
50
17
5
6
5
3
3
5
2
1
0
1
1
1
0
0
0
0
