256
187
0
0
0
0
0
0
0
0
0
0
0
0
203
0
0
0
0
0
0
0
0
291
0
0
0
0
0
668
0
0
0
0
0
1870
0
0
0
11518
0
0
0
3527
0
0
0
2280
0
0
0
1664
0
0
1408
0
0
1327
0
0
1421
0
1281
0
0
1093
0
970
0
0
908
0
901
0
832
0
834
0
806
0
767
0
765
0
738
0
751
768
0
787
0
729
0
775
773
0
858
813
0
811
794
0
831
882
0
943
970
957
0
998
1006
1035
0
1108
1075
1081
1096
0
1176
1183
1176
1205
1211
1164
0
1284
1342
1266
1311
1360
1301
1457
1453
1467
1515
1443
1508
1550
1568
1478
1427
1473
1406
1411
1439
1375
1419
1456
1361
2802
1433
1354
1353
1310
1339
1305
2522
1236
1248
1255
2540
1261
1223
1204
2224
1037
939
918
1781
848
811
1540
772
797
1409
676
1332
632
673
1320
606
1254
544
1102
529
539
959
448
845
365
764
749
329
667
260
572
251
489
444
211
359
340
182
292
259
118
193
177
91
179
158
133
72
122
124
94
95
108
47
79
83
75
73
64
81
53
21
38
42
39
28
26
16
22
17
22
14
12
17
12
7
9
6
5
11
5
4
6
1
4
4
4
10
5
8
10
19
