256
55
0
0
0
0
0
0
0
0
0
0
0
0
51
0
0
0
0
0
0
0
0
63
0
0
0
0
0
98
0
0
0
0
0
130
0
0
0
227
0
0
0
389
0
0
0
412
0
0
0
364
0
0
264
0
0
186
0
0
174
0
121
0
0
139
0
120
0
0
101
0
112
0
106
0
82
0
101
0
98
0
96
0
73
0
98
81
0
100
0
97
0
118
107
0
112
133
0
122
109
0
119
123
0
146
161
150
0
148
199
197
0
205
172
219
274
0
261
264
256
302
317
296
0
385
351
404
369
424
444
503
509
509
562
599
576
668
699
717
737
781
862
857
986
963
1026
1104
1142
2473
1309
1381
1412
1482
1522
1664
3508
1808
1937
2031
4215
2149
2182
2266
4852
2488
2707
2640
5277
2698
2668
5283
2620
2680
5085
2563
4834
2388
2256
4274
2111
3697
1658
3110
1463
1358
2392
1094
2050
924
1712
1530
729
1339
577
1153
534
1031
1055
456
985
893
463
840
820
366
734
709
340
649
636
622
273
505
498
393
399
339
170
269
230
241
187
172
152
127
52
96
112
79
61
78
61
64
48
59
49
47
34
41
42
24
16
21
24
18
18
21
14
12
6
16
13
9
1
2
1
