256
60
0
0
0
0
0
0
0
0
0
0
0
0
81
0
0
0
0
0
0
0
0
119
0
0
0
0
0
175
0
0
0
0
0
216
0
0
0
239
0
0
0
251
0
0
0
229
0
0
0
262
0
0
203
0
0
212
0
0
228
0
221
0
0
239
0
224
0
0
236
0
208
0
262
0
227
0
251
0
265
0
272
0
250
0
285
300
0
296
0
284
0
318
327
0
371
403
0
438
444
0
463
472
0
472
541
517
0
624
647
651
0
735
762
802
854
0
906
1032
1038
1072
1167
1302
0
1349
1389
1398
1463
1590
1570
1542
1735
1743
1849
1860
1886
1856
2038
2011
2097
2049
2155
2174
2234
2241
2386
2274
2274
4590
2349
2364
2373
2294
2324
2290
4439
2141
2198
2088
3951
1973
1826
1761
3406
1684
1647
1605
3122
1410
1407
2650
1237
1252
2306
1089
2064
1011
970
1845
888
1708
818
1453
691
640
1247
621
1109
531
913
925
392
747
361
742
333
585
505
232
413
380
169
297
239
96
191
204
96
181
128
129
58
102
116
85
83
88
42
60
49
82
41
48
28
36
14
32
23
22
26
14
14
12
15
13
13
11
6
7
2
1
1
4
2
1
2
1
0
1
0
0
0
0
0
0
0
