256
0
0
0
0
0
0
0
0
0
0
0
0
0
0
0
0
0
0
0
0
0
0
0
0
0
0
0
0
0
0
0
0
0
0
0
0
0
0
0
0
0
0
0
0
0
0
0
0
0
0
0
0
0
0
0
0
0
0
0
0
0
0
0
0
0
0
0
0
0
0
0
0
0
0
0
0
0
0
0
0
0
1
0
0
0
0
0
0
3
0
4
0
4
10
0
14
13
0
18
34
0
35
39
0
61
63
71
0
108
115
136
0
169
182
239
293
0
319
372
499
524
594
659
0
744
792
909
993
1034
1122
1212
1312
1270
1240
1313
1352
1310
1442
1395
1387
1363
1404
1393
1327
1284
1249
1293
1263
2389
1208
1143
1178
1134
1084
1172
2343
1226
1202
1286
2561
1332
1344
1441
2856
1471
1441
1486
3130
1607
1563
3174
1633
1586
3060
1511
3037
1412
1409
2714
1376
2699
1289
2584
1293
1269
2579
1318
2695
1283
2537
2384
1099
2325
1170
2170
1153
2097
2086
1001
1732
1637
782
1569
1608
762
1351
1253
579
1030
975
1060
505
998
967
940
814
844
382
600
634
695
821
894
1202
1164
238
112
61
51
60
49
49
61
63
54
63
61
61
144
92
120
98
116
122
142
148
209
139
129
130
145
225
104
31
3
1
