256
99
0
0
0
0
0
0
0
0
0
0
0
0
92
0
0
0
0
0
0
0
0
104
0
0
0
0
0
104
0
0
0
0
0
118
0
0
0
153
0
0
0
155
0
0
0
232
0
0
0
317
0
0
484
0
0
824
0
0
2340
0
4444
0
0
764
0
390
0
0
303
0
265
0
270
0
248
0
269
0
289
0
324
0
336
0
353
348
0
361
0
416
0
385
454
0
443
483
0
547
564
0
591
658
0
677
736
704
0
767
832
904
0
884
923
837
918
0
956
929
936
993
1045
1014
0
1036
1065
1040
1046
1052
933
944
954
924
898
874
881
841
831
884
857
893
908
849
851
856
849
899
859
1816
918
909
852
863
842
812
1660
813
787
742
1551
823
770
782
1679
900
877
899
1739
740
743
1346
584
596
1140
604
1176
641
582
1155
601
1169
609
1154
591
594
1240
702
1374
731
1232
1108
546
1123
571
1142
559
1180
1173
577
1157
1184
586
1038
979
416
881
822
418
774
740
669
328
616
612
450
442
370
179
348
435
481
691
978
1000
1339
897
1573
1514
1406
1074
841
799
717
647
560
621
543
612
936
669
749
773
901
1061
1223
1504
2328
1458
1355
1393
1518
2401
1534
1205
610
123
