256
0
0
0
0
0
0
0
0
0
0
0
0
0
0
0
0
0
0
0
0
0
0
0
0
0
0
0
0
0
0
0
0
0
0
0
0
0
0
0
0
0
0
0
0
0
0
0
0
0
0
0
0
0
1
0
0
0
0
0
0
0
1
0
0
0
0
6
0
0
0
0
2
0
3
0
7
0
11
0
12
0
6
0
9
0
14
13
0
24
0
28
0
21
30
0
23
31
0
25
34
0
35
34
0
27
27
31
0
41
38
43
0
59
50
64
57
0
76
56
64
69
59
66
0
78
86
79
95
120
104
135
150
163
187
229
216
250
243
291
284
369
369
431
471
557
654
707
806
1712
1030
1120
1194
1344
1411
1452
3306
1806
1867
1945
4271
2221
2295
2430
5074
2494
2605
2609
4988
2380
2294
4341
1986
1940
3768
1808
3573
1695
1612
3250
1488
2937
1498
2907
1461
1406
2959
1567
3031
1562
3046
3072
1452
2953
1504
2837
1397
2789
2737
1353
2494
2249
1048
1954
1848
861
1669
1533
759
1381
1200
964
433
807
654
579
488
458
211
379
311
286
262
245
250
238
105
214
176
178
161
186
126
101
121
112
110
86
101
131
79
88
89
79
80
66
61
91
41
27
33
31
50
21
26
18
4
