256
0
0
0
0
0
0
0
0
0
0
0
0
0
0
0
0
0
0
0
0
0
0
0
0
0
0
0
0
0
0
0
0
0
0
0
0
0
0
0
0
0
0
0
0
0
0
0
0
0
0
0
0
0
0
0
0
0
0
0
0
0
0
0
0
0
0
0
0
0
0
0
0
0
0
0
0
0
0
0
0
0
0
0
0
0
0
0
0
0
0
0
0
0
0
0
0
4
0
6
20
0
72
213
0
424
492
598
0
743
836
856
0
810
774
700
597
0
524
509
484
425
433
420
0
389
374
375
376
406
402
354
386
344
372
357
327
367
366
373
381
378
399
394
420
424
469
435
462
994
464
497
543
526
552
508
1090
551
610
603
1266
684
717
742
1524
815
877
961
1982
1004
1036
2259
1229
1250
2656
1343
2815
1421
1422
2909
1441
2926
1398
2951
1485
1376
2718
1321
2507
1186
2338
2204
1040
1981
893
1776
846
1608
1607
795
1444
1346
646
1223
1242
647
1168
1190
597
1137
1142
1115
558
1153
1177
1105
1143
1161
546
1160
1115
1043
1046
1074
989
988
515
1028
991
943
983
954
881
840
825
812
777
780
695
998
722
702
712
744
729
770
729
1161
865
855
871
969
1757
1782
3249
5873
3217
