256
0
0
0
0
0
0
0
0
0
0
0
0
0
0
0
0
0
0
0
0
0
0
0
0
0
0
0
0
0
0
0
0
0
0
0
0
0
0
0
0
0
0
0
0
0
0
0
0
0
0
0
0
0
0
0
0
0
0
0
0
0
0
0
0
0
0
0
0
0
0
0
0
0
0
0
0
0
0
0
0
0
0
0
0
0
2
3
0
5
0
15
0
24
44
0
85
178
0
686
1090
0
1088
914
0
824
784
772
0
804
989
1035
0
1010
1037
972
1126
0
1292
1217
1164
1202
1098
1112
0
1076
1037
1041
966
1023
968
924
989
951
963
1000
1019
1116
1121
1095
1119
1187
1275
1273
1265
1358
1461
1565
1640
3628
1918
2148
2179
2268
2526
2683
5046
2347
2297
2303
4611
2347
2286
2061
4330
2021
1782
1693
3412
1531
1464
2718
1160
1062
1875
812
1491
655
682
1262
606
1213
609
1264
589
576
1137
552
1017
516
1036
983
475
889
438
975
501
873
893
450
834
833
438
750
770
358
816
782
351
798
767
751
392
737
693
738
703
685
379
686
703
618
578
598
544
478
208
366
325
273
211
198
195
183
134
137
118
107
117
192
96
99
96
105
102
96
90
153
136
186
229
242
481
284
140
72
56
