256
0
0
0
0
0
0
0
0
0
0
0
0
0
0
0
0
0
0
0
0
0
0
0
0
0
0
0
0
0
0
0
0
0
0
0
0
0
0
0
0
0
0
0
0
0
0
0
0
0
0
0
0
0
0
0
0
0
0
0
0
0
0
0
0
0
0
0
0
0
0
0
0
0
0
0
0
0
0
0
0
0
0
0
0
0
0
0
0
0
0
0
0
0
0
0
1
1
0
1
2
0
5
10
0
8
6
11
0
22
23
44
0
48
48
71
88
0
96
115
135
138
147
169
0
192
200
210
229
224
275
269
260
274
336
336
319
342
375
358
371
395
421
422
460
417
439
440
461
957
416
460
476
485
471
444
915
437
467
460
964
449
454
459
995
486
460
518
1051
483
508
1027
531
548
1127
601
1125
587
578
1164
580
1236
647
1338
650
672
1323
683
1418
731
1514
1580
827
1640
848
1825
927
1916
1970
1020
2158
2265
1177
2374
2496
1279
2614
2686
1342
2834
2922
3022
1554
3144
3110
3155
3252
3344
1591
3250
3362
3269
3320
3279
3164
3119
1533
3019
2893
2657
2485
2287
2172
2027
1755
1484
1317
1211
1075
1429
827
653
598
489
428
356
309
389
210
187
124
115
141
88
70
86
243
