256
0
0
0
0
0
0
0
0
0
0
0
0
0
0
0
0
0
0
0
0
0
0
0
0
0
0
0
0
0
0
0
0
0
0
0
0
0
0
0
0
0
0
0
0
0
0
0
0
0
0
0
0
0
0
0
0
0
0
0
0
0
0
0
0
0
0
0
0
0
0
0
0
0
0
0
0
0
0
0
0
0
0
0
0
0
0
0
0
0
0
0
0
0
0
0
0
0
0
0
0
0
0
0
0
0
0
0
0
0
0
0
0
0
1
2
2
0
0
2
14
15
42
103
0
240
599
1199
1351
1289
979
927
791
747
672
660
560
511
505
525
484
483
495
512
516
551
582
650
631
1343
682
708
652
722
665
710
1487
766
733
716
1402
672
697
695
1412
685
675
728
1494
738
777
1624
827
944
1950
1045
2269
1186
1261
2842
1534
3411
1914
3978
2109
2235
4521
2329
4760
2503
5012
4974
2466
4831
2479
4682
2260
4395
4029
1917
3908
3435
1528
3116
2815
1286
2409
2245
1030
1932
1688
1490
664
1342
1143
972
823
802
334
633
524
478
396
402
293
271
129
224
215
205
170
137
102
111
108
83
84
76
71
92
39
42
44
28
35
33
33
38
22
16
16
22
31
27
28
38
57
