256
0
0
0
0
0
0
0
0
0
0
0
0
0
0
0
0
0
0
0
0
0
0
0
0
0
0
0
0
0
0
0
0
0
0
0
0
0
0
0
0
0
0
0
0
0
0
0
0
0
0
0
0
0
0
0
0
0
0
0
0
0
0
0
0
0
0
0
0
0
0
0
0
0
0
0
0
0
0
0
0
0
0
0
2
0
2
4
0
7
0
20
0
15
23
0
36
66
0
104
104
0
164
219
0
268
311
308
0
338
331
288
0
288
249
246
250
0
217
209
192
172
194
220
0
192
186
216
201
208
220
221
237
232
271
267
276
266
290
273
329
350
379
395
419
405
456
467
548
1157
605
730
691
795
815
793
1871
964
997
988
2086
1104
1127
1114
2434
1257
1317
1279
2725
1383
1407
2836
1430
1425
2843
1503
2863
1478
1522
3015
1490
2955
1384
2760
1375
1341
2541
1270
2458
1231
2297
2092
1018
2007
961
1779
843
1793
1674
826
1582
1549
745
1613
1549
813
1539
1502
780
1517
1464
1433
685
1324
1403
1351
1370
1349
643
1258
1303
1204
1203
1231
1164
1154
541
1034
1027
1031
942
959
922
895
822
797
724
754
755
1218
740
747
736
753
739
744
659
1097
697
683
688
713
1188
1040
1658
2245
1325
