256
0
0
0
0
0
0
0
0
0
0
0
0
0
0
0
0
0
0
0
0
0
0
0
0
0
0
0
0
0
0
0
0
0
0
0
0
0
0
0
0
0
0
0
0
0
0
0
0
0
0
0
0
0
0
0
0
0
0
0
0
0
0
0
0
0
0
0
0
0
0
0
0
0
0
0
0
0
0
0
0
0
0
0
0
0
0
0
0
0
0
0
0
0
0
0
1
1
0
3
11
0
6
36
0
82
273
567
0
638
706
843
0
933
1147
1377
1571
0
1809
1985
1998
2047
2188
2216
0
2169
2196
2182
2147
1973
1895
1774
1594
1490
1510
1306
1210
1159
1086
1024
1046
874
912
809
844
825
699
740
732
1436
707
751
694
697
719
663
1391
751
741
750
1635
810
823
888
1751
951
909
902
1949
965
907
1714
801
849
1551
794
1441
668
732
1398
730
1491
804
1525
749
735
1425
723
1492
720
1476
1492
776
1515
742
1614
778
1644
1541
713
1497
1332
685
1270
1264
673
1332
1340
673
1343
1333
1447
712
1456
1474
1479
1426
1371
668
1275
1283
1358
1400
1361
1395
1403
694
1456
1487
1624
1491
1519
1366
1182
1058
915
735
552
365
294
134
72
57
37
23
14
7
8
4
0
0
0
0
0
0
0
0
