256
3
0
0
0
0
0
0
0
0
0
0
0
0
7
0
0
0
0
0
0
0
0
16
0
0
0
0
0
22
0
0
0
0
0
37
0
0
0
64
0
0
0
76
0
0
0
147
0
0
0
225
0
0
297
0
0
452
0
0
500
0
562
0
0
654
0
644
0
0
711
0
683
0
663
0
701
0
685
0
595
0
672
0
620
0
653
628
0
643
0
616
0
673
652
0
607
571
0
569
568
0
597
592
0
565
542
553
0
504
476
493
0
469
452
471
439
0
472
467
392
409
430
370
0
410
422
401
411
465
537
600
597
736
738
809
819
853
867
872
798
755
698
681
636
575
559
561
543
941
475
489
483
463
436
504
960
522
578
627
1257
710
726
713
1547
770
829
834
1687
907
940
2064
1286
1228
2673
1172
1973
926
930
1922
1067
2140
1170
2129
777
800
1376
563
984
435
749
703
332
688
275
549
258
556
498
258
458
489
215
412
484
212
467
525
276
632
684
856
538
1298
1524
1739
1905
1840
816
1588
1181
918
799
688
639
643
312
567
574
635
642
707
682
673
661
652
734
722
876
1596
1216
1212
1158
1150
1040
995
1025
1436
991
1057
1003
1133
1927
1871
3123
5683
9391
