227092.jpg
0
0
0
0
0
0
0
0
0
0
0
0
0
0
0
0
0
0
0
0
0
0
0
0
0
0
0
0
0
0
0
0
0
0
0
0
0
0
0
0
0
0
0
0
0
0
0
0
0
0
0
0
0
0
0
0
0
0
0
0
0
0
0
0
0
0
0
0
0
0
0
0
0
0
0
0
0
0
0
0
0
0
0
0
0
0
0
0
0
0
0
0
0
0
0
0
0
0
0
0
0
1
3
0
6
10
10
0
16
23
20
0
37
68
71
120
0
161
282
367
440
472
572
0
721
810
937
983
1053
1123
1131
1238
1460
1651
1800
1632
1461
1314
1227
1057
1010
905
771
671
568
499
442
364
548
281
307
310
330
348
406
823
425
494
526
1220
687
704
802
1809
949
1035
990
2168
1149
1193
2603
1405
1366
2984
1620
3422
1700
1772
3899
2105
4430
2269
4726
2589
2701
5013
2434
4445
2407
5082
5850
2917
5833
2818
5692
2528
4404
3458
1396
1960
1560
725
1324
1248
577
1106
1063
571
1126
1011
730
322
520
455
326
261
206
80
133
91
63
38
14
5
3
2
1
1
0
0
0
0
0
0
0
0
0
0
0
0
0
0
0
0
0
0
0
0
0
0
0
0
0
0
0
0
101087.jpg
12
0
0
0
0
0
0
0
0
0
0
0
0
20
0
0
0
0
0
0
0
0
26
0
0
0
0
0
32
0
0
0
0
0
42
0
0
0
54
0
0
0
67
0
0
0
51
0
0
0
74
0
0
53
0
0
66
0
0
59
0
55
0
0
58
0
49
0
0
72
0
68
0
60
0
75
0
83
0
76
0
83
0
96
0
88
84
0
95
0
105
0
99
117
0
95
126
0
134
145
0
133
140
0
151
150
145
0
173
179
170
0
200
199
216
225
0
258
246
256
276
282
297
0
306
323
364
350
385
362
398
418
449
496
473
486
538
530
544
577
542
538
567
601
648
626
664
673
1611
830
929
925
971
981
984
2016
1107
1034
1108
2326
1074
1110
1107
2041
894
955
918
1822
879
854
1844
932
976
2128
1007
2094
1068
1009
2111
1011
2082
1062
2195
1124
1037
2216
1082
2100
1045
2013
1836
928
1761
851
1767
811
1688
1708
816
1569
1468
674
1266
1212
579
1028
986
466
966
951
894
462
795
783
758
703
655
277
614
518
474
400
423
371
342
151
294
260
240
247
194
152
133
121
106
79
71
77
73
54
43
30
34
40
46
42
50
23
42
103
173
482
604
1084
2487
40481
253055.jpg
0
0
0
0
0
0
0
0
0
0
0
0
0
0
0
0
0
0
0
0
0
0
0
0
0
0
0
0
0
0
0
0
0
0
0
0
0
0
0
0
0
0
0
0
0
0
0
0
0
0
0
0
0
0
0
0
0
0
0
0
0
0
0
0
0
0
0
0
0
0
0
0
0
0
0
0
0
0
0
0
0
0
0
0
0
0
0
0
0
0
0
0
0
0
0
0
0
0
0
0
0
0
0
0
0
0
0
0
0
0
0
0
0
0
0
0
0
0
0
0
0
0
0
0
0
0
0
0
0
2
0
1
2
1
3
4
10
13
13
20
30
56
62
73
73
98
114
107
274
156
181
182
199
222
250
458
259
261
275
617
345
343
356
837
485
517
549
1110
643
765
1535
846
989
2138
1197
2604
1374
1436
3112
1593
3436
1719
3466
1695
1605
2980
1436
2530
1215
2358
2271
1106
2020
969
1728
790
1478
1453
677
1231
1158
562
1069
1016
473
1124
1190
826
1607
1518
1290
582
1076
1002
1131
1022
1069
486
933
871
924
866
944
979
998
446
863
1023
1055
1036
1009
956
975
968
977
1026
1197
1185
2024
1309
1269
1296
1382
1477
1568
1468
2078
1395
1495
1479
1413
2395
1995
3669
8645
17659
219090.jpg
3
0
0
0
0
0
0
0
0
0
0
0
0
1
0
0
0
0
0
0
0
0
0
0
0
0
0
0
5
0
0
0
0
0
10
0
0
0
8
0
0
0
17
0
0
0
24
0
0
0
34
0
0
64
0
0
93
0
0
135
0
180
0
0
224
0
258
0
0
256
0
269
0
278
0
266
0
300
0
293
0
278
0
257
0
256
228
0
225
0
192
0
183
172
0
174
169
0
192
203
0
213
231
0
248
226
256
0
350
367
394
0
471
474
536
612
0
700
747
784
843
931
1030
0
1145
1182
1237
1267
1255
1287
1273
1261
1367
1501
1521
1520
1563
1540
1678
1730
1614
1669
1709
1743
1722
1802
1839
1834
3653
1857
1830
1822
1763
1829
1716
3253
1516
1404
1296
2483
1240
1220
1172
2166
932
854
761
1353
689
647
1093
513
520
996
476
916
422
423
750
386
706
365
626
325
328
632
316
619
329
711
662
357
715
386
811
464
1067
1380
756
1405
1507
764
1542
1369
736
1664
1501
729
2176
3065
3388
1812
3887
3719
3986
3136
2019
726
1077
762
644
684
640
602
458
178
308
261
210
191
168
170
195
194
191
201
193
191
296
224
244
257
323
291
196
156
228
115
96
128
121
178
127
148
136
63
376043.jpg
0
0
0
0
0
0
0
0
0
0
0
0
0
0
0
0
0
0
0
0
0
0
0
0
0
0
0
0
2
0
0
0
0
0
3
0
0
0
2
0
0
0
7
0
0
0
12
0
0
0
12
0
0
16
0
0
14
0
0
10
0
9
0
0
8
0
7
0
0
13
0
15
0
16
0
16
0
25
0
22
0
26
0
30
0
31
54
0
47
0
70
0
71
90
0
84
114
0
121
133
0
141
134
0
133
131
167
0
175
190
189
0
209
212
230
202
0
217
208
234
237
256
265
0
298
256
260
284
284
286
311
308
338
356
363
347
370
398
411
405
424
421
465
442
482
500
495
488
1068
583
583
563
587
607
648
1403
720
752
809
1543
766
898
889
1805
1006
948
993
2206
1082
1201
2324
1287
1373
2763
1476
2927
1605
1648
3449
1863
3603
1922
3995
1878
2032
4110
1983
4031
2077
3947
3904
1947
3579
1827
3535
1587
3071
3023
1378
2619
2479
1147
2185
1976
963
1790
1727
794
1520
1356
1267
615
1135
1095
1023
910
877
434
793
727
717
722
701
684
659
322
597
610
580
537
559
564
516
513
553
491
448
445
645
402
382
352
342
298
305
310
428
327
285
272
198
266
212
236
299
1786
156065.jpg
4
0
0
0
0
0
0
0
0
0
0
0
0
8
0
0
0
0
0
0
0
0
9
0
0
0
0
0
17
0
0
0
0
0
21
0
0
0
36
0
0
0
63
0
0
0
100
0
0
0
232
0
0
459
0
0
914
0
0
2086
0
4997
0
0
1824
0
1123
0
0
970
0
835
0
795
0
827
0
893
0
948
0
931
0
1017
0
919
977
0
948
0
975
0
970
994
0
1000
950
0
945
1007
0
1008
1005
0
1002
1002
943
0
979
984
933
0
950
878
922
989
0
1001
984
937
972
912
922
0
910
1003
984
969
962
932
945
929
960
950
986
923
912
919
841
988
893
870
916
896
899
872
867
866
1672
897
875
832
844
827
902
1619
873
882
875
1711
901
836
926
1765
898
957
946
1874
951
891
1866
929
941
1965
987
2020
966
959
1947
969
1905
976
1927
973
1018
1950
965
1775
877
1777
1705
868
1620
798
1577
728
1425
1368
652
1363
1255
640
1240
1173
581
1090
1124
529
1014
924
950
483
884
804
746
679
635
332
628
543
572
506
457
441
368
169
363
305
335
294
253
235
222
191
159
164
175
135
201
111
95
107
83
73
58
54
52
25
18
10
14
21
8
8
6
0
296059.jpg
0
0
0
0
0
0
0
0
0
0
0
0
0
0
0
0
0
0
0
0
0
0
0
0
0
0
0
0
0
0
0
0
0
0
0
0
0
0
0
0
0
0
0
0
0
0
0
0
0
0
0
0
0
0
0
0
0
0
0
0
0
0
0
0
0
0
0
0
0
0
0
0
0
0
0
0
0
0
0
1
0
0
0
1
0
0
1
0
6
0
21
0
34
57
0
136
346
0
1047
1295
0
1423
1452
0
1275
1129
1052
0
950
900
909
0
955
897
881
934
0
955
998
999
908
946
974
0
931
926
960
911
950
969
987
999
1072
1062
1096
1179
1259
1361
1360
1487
1566
1616
1723
1777
1823
1922
1826
1857
3674
1789
1788
1771
1683
1719
1553
2990
1454
1477
1418
2701
1360
1261
1305
2592
1205
1178
1150
2101
899
887
1659
735
714
1301
675
1238
586
544
1216
608
1127
662
1269
657
684
1358
699
1559
803
1671
2107
1046
2133
1091
2181
974
2115
2054
1048
2112
1740
909
1713
1646
805
1698
1728
928
1830
1829
1736
864
1609
1206
1112
826
859
332
635
527
289
255
231
202
205
73
158
153
120
103
92
83
40
44
30
25
26
15
15
7
3
2
5
1
2
0
0
0
0
0
0
2
2
1
1
2
236037.jpg
0
0
0
0
0
0
0
0
0
0
0
0
0
0
0
0
0
0
0
0
0
0
0
0
0
0
0
0
0
0
0
0
0
0
0
0
0
0
0
0
0
0
0
0
0
0
0
0
0
0
0
0
0
0
0
0
0
0
0
0
0
0
0
0
0
0
0
0
0
0
0
0
0
0
0
0
0
0
0
0
0
0
0
0
0
0
0
0
0
0
0
0
0
0
0
0
1
0
0
2
0
0
2
0
1
4
8
0
20
46
79
0
154
278
420
388
0
413
451
488
535
555
554
0
585
657
616
696
740
763
787
799
786
813
884
928
972
954
1000
1064
1083
972
1054
1078
1105
1162
1134
1147
2446
1277
1259
1312
1261
1417
1396
2902
1591
1572
1620
3257
1632
1711
1738
3258
1713
1741
1724
3591
1784
1818
3653
1855
1844
3598
1833
3518
1726
1734
3514
1769
3369
1767
3343
1667
1507
3008
1519
2900
1460
2702
2563
1290
2429
1115
2390
1032
1962
1807
821
1575
1490
685
1360
1228
582
1081
984
444
926
826
704
388
666
652
634
533
490
262
521
422
409
364
374
328
311
152
282
275
243
252
225
208
200
185
146
177
141
148
168
114
132
80
97
96
88
77
123
71
99
73
64
107
68
71
58
49
86068.jpg
0
0
0
0
0
0
0
0
0
0
0
0
0
0
0
0
0
0
0
0
0
0
0
0
0
0
0
0
0
0
0
0
0
0
0
0
0
0
0
0
0
0
0
0
0
0
0
0
0
0
0
0
0
0
0
0
0
0
0
0
0
0
0
0
0
0
0
0
0
0
0
0
0
0
0
0
0
0
0
0
0
0
0
0
0
0
0
0
0
0
0
0
0
0
0
0
0
0
0
0
0
0
0
0
0
0
0
0
0
0
0
0
0
1
2
2
0
0
2
14
15
42
103
0
240
599
1199
1351
1289
979
927
791
747
672
660
560
511
505
525
484
483
495
512
516
551
582
650
631
1343
682
708
652
722
665
710
1487
766
733
716
1402
672
697
695
1412
685
675
728
1494
738
777
1624
827
944
1950
1045
2269
1186
1261
2842
1534
3411
1914
3978
2109
2235
4521
2329
4760
2503
5012
4974
2466
4831
2479
4682
2260
4395
4029
1917
3908
3435
1528
3116
2815
1286
2409
2245
1030
1932
1688
1490
664
1342
1143
972
823
802
334
633
524
478
396
402
293
271
129
224
215
205
170
137
102
111
108
83
84
76
71
92
39
42
44
28
35
33
33
38
22
16
16
22
31
27
28
38
57
126007.jpg
0
0
0
0
0
0
0
0
0
0
0
0
0
0
0
0
0
0
0
0
0
0
0
0
0
0
0
0
0
0
0
0
0
0
0
0
0
0
0
0
0
0
0
0
0
0
0
0
0
0
0
0
0
0
0
0
0
0
0
0
0
0
0
0
0
0
0
0
0
0
0
0
0
0
0
0
0
0
0
0
0
1
0
5
0
14
19
0
56
0
177
0
358
1119
0
1841
1345
0
722
525
0
406
348
0
363
327
377
0
384
340
383
0
407
444
504
644
0
796
951
1025
1007
1134
1171
0
1176
1239
1341
1417
1501
1591
1805
1944
2014
2190
2171
2199
2229
2095
2096
2023
1862
1708
1584
1399
1304
1190
1090
953
1789
802
743
731
606
642
640
1242
606
621
639
1245
618
651
808
2210
1273
1647
2072
5210
3069
3305
6721
3322
3138
5900
2616
4374
2096
2015
3506
1652
3227
1525
2699
1385
1246
2092
802
1386
537
975
816
393
730
331
654
298
554
539
231
420
410
194
351
328
156
277
286
129
224
207
203
88
161
124
126
112
96
42
91
67
75
59
72
56
46
24
53
55
52
57
59
44
60
76
57
73
58
61
99
71
77
68
89
78
66
75
122
76
110
139
217
823
375
432
706
1406
300091.jpg
4
0
0
0
0
0
0
0
0
0
0
0
0
8
0
0
0
0
0
0
0
0
16
0
0
0
0
0
33
0
0
0
0
0
53
0
0
0
88
0
0
0
104
0
0
0
147
0
0
0
212
0
0
461
0
0
697
0
0
489
0
238
0
0
161
0
125
0
0
96
0
122
0
89
0
96
0
89
0
83
0
84
0
65
0
79
70
0
71
0
60
0
61
67
0
75
107
0
162
215
0
259
262
0
323
371
391
0
398
333
298
0
263
274
268
255
0
233
257
309
290
322
281
0
297
307
385
412
514
629
843
1095
1464
1901
2263
2462
2829
2923
3022
3280
3038
3016
3036
3099
3091
3046
2960
3017
5768
2835
2702
2782
2663
2400
2298
4425
2008
1942
2009
3747
1777
1640
1585
3086
1491
1379
1462
2556
1226
1231
2150
939
955
1801
759
1412
665
649
1257
622
1200
611
1196
571
549
1100
608
1121
518
1050
1035
482
943
476
951
426
884
889
429
857
817
442
746
659
322
564
508
275
422
410
397
163
350
314
318
306
289
148
249
282
225
241
244
227
220
110
208
206
204
202
167
170
189
164
157
140
169
171
230
150
157
115
141
118
144
118
192
144
143
145
136
222
191
305
550
845
143090.jpg
32
0
0
0
0
0
0
0
0
0
0
0
0
28
0
0
0
0
0
0
0
0
30
0
0
0
0
0
66
0
0
0
0
0
104
0
0
0
160
0
0
0
189
0
0
0
237
0
0
0
249
0
0
336
0
0
459
0
0
832
0
743
0
0
806
0
751
0
0
712
0
717
0
659
0
644
0
589
0
580
0
601
0
565
0
546
575
0
583
0
555
0
520
577
0
557
586
0
618
539
0
555
536
0
542
552
597
0
533
549
554
0
549
546
535
597
0
701
774
823
924
1031
1042
0
1070
1025
958
1035
1104
1128
1216
1155
1099
1090
1166
1190
1388
1547
1848
1959
2001
1981
1884
1865
2028
2163
2115
1941
3577
2000
2173
1951
1746
1651
1835
3730
1764
1621
1600
2955
1350
1380
1402
2545
1273
1221
1209
2226
977
904
1900
1088
1053
2064
970
2079
863
833
1533
717
1456
777
1704
906
814
1546
755
1446
762
1533
1506
681
1566
752
1466
671
1354
1262
630
1124
1106
509
996
930
424
767
695
314
539
539
427
178
282
380
484
504
463
213
400
403
359
303
277
303
253
138
249
229
208
214
201
150
107
77
52
48
44
26
18
4
8
6
4
7
4
6
5
1
3
2
0
0
0
0
0
0
351093.jpg
19
0
0
0
0
0
0
0
0
0
0
0
0
31
0
0
0
0
0
0
0
0
50
0
0
0
0
0
75
0
0
0
0
0
144
0
0
0
191
0
0
0
300
0
0
0
496
0
0
0
812
0
0
1237
0
0
1908
0
0
1750
0
1339
0
0
975
0
830
0
0
721
0
672
0
661
0
640
0
646
0
626
0
609
0
571
0
597
632
0
601
0
598
0
620
621
0
682
625
0
693
703
0
701
734
0
755
722
785
0
778
811
825
0
805
791
833
797
0
775
877
829
846
794
800
0
786
830
826
864
841
844
823
808
822
844
862
813
856
790
797
772
841
786
820
824
763
747
768
737
1476
711
718
697
736
676
690
1336
690
687
661
1241
662
665
649
1222
626
590
615
1212
622
635
1243
604
573
1185
614
1163
556
564
1156
518
1056
517
977
493
437
918
457
862
398
802
801
343
722
335
682
335
661
600
324
576
546
279
494
514
234
449
405
190
414
366
339
188
287
288
288
271
261
107
252
218
213
214
198
202
194
83
181
179
166
142
166
147
161
132
152
129
135
124
197
124
119
111
111
95
104
87
209
167
323
986
2955
6075
5322
5820
7308
21294
89072.jpg
0
0
0
0
0
0
0
0
0
0
0
0
0
0
0
0
0
0
0
0
0
0
0
0
0
0
0
0
0
0
0
0
0
0
0
0
0
0
0
0
0
0
0
0
0
0
0
0
0
0
0
0
0
0
0
0
0
0
0
0
0
0
0
0
0
0
0
0
0
0
0
0
0
0
0
0
0
0
0
0
0
0
0
0
0
0
0
0
0
0
0
0
0
0
0
1
1
0
3
11
0
6
36
0
82
273
567
0
638
706
843
0
933
1147
1377
1571
0
1809
1985
1998
2047
2188
2216
0
2169
2196
2182
2147
1973
1895
1774
1594
1490
1510
1306
1210
1159
1086
1024
1046
874
912
809
844
825
699
740
732
1436
707
751
694
697
719
663
1391
751
741
750
1635
810
823
888
1751
951
909
902
1949
965
907
1714
801
849
1551
794
1441
668
732
1398
730
1491
804
1525
749
735
1425
723
1492
720
1476
1492
776
1515
742
1614
778
1644
1541
713
1497
1332
685
1270
1264
673
1332
1340
673
1343
1333
1447
712
1456
1474
1479
1426
1371
668
1275
1283
1358
1400
1361
1395
1403
694
1456
1487
1624
1491
1519
1366
1182
1058
915
735
552
365
294
134
72
57
37
23
14
7
8
4
0
0
0
0
0
0
0
0
159008.jpg
0
0
0
0
0
0
0
0
0
0
0
0
0
0
0
0
0
0
0
0
0
0
0
0
0
0
0
0
0
0
0
0
0
0
2
0
0
0
6
0
0
0
16
0
0
0
37
0
0
0
108
0
0
272
0
0
784
0
0
7397
0
5968
0
0
4728
0
2648
0
0
1975
0
1722
0
1650
0
1629
0
1591
0
1553
0
1552
0
1532
0
1444
1506
0
1465
0
1398
0
1385
1309
0
1312
1313
0
1294
1227
0
1235
1224
0
1119
1074
1057
0
1013
957
973
0
1019
887
950
941
0
888
834
826
807
767
760
0
812
787
756
701
712
701
732
682
700
616
594
658
614
587
576
605
606
549
550
561
520
507
526
498
1009
507
499
514
494
460
471
947
442
481
468
968
516
449
507
954
515
495
480
957
439
480
918
441
479
944
446
911
430
439
921
483
880
444
924
437
450
953
395
881
448
922
911
468
900
436
900
474
918
923
436
962
981
462
946
939
461
963
947
458
928
845
849
431
846
837
857
828
773
387
815
851
812
782
885
800
802
427
789
794
856
829
916
871
840
848
875
852
862
818
1310
942
847
882
896
833
838
691
936
429
307
208
136
156
58
31
7
2
197017.jpg
0
0
0
0
0
0
0
0
0
0
0
0
0
2
0
0
0
0
0
0
0
0
0
0
0
0
0
0
3
0
0
0
0
0
3
0
0
0
8
0
0
0
22
0
0
0
18
0
0
0
40
0
0
56
0
0
102
0
0
174
0
330
0
0
515
0
694
0
0
723
0
685
0
581
0
537
0
570
0
599
0
603
0
582
0
599
559
0
519
0
505
0
498
429
0
492
462
0
481
527
0
475
471
0
468
523
450
0
472
449
438
0
423
445
422
452
0
403
426
383
448
447
438
0
463
482
448
486
512
517
518
567
544
564
564
581
625
650
626
705
694
720
783
785
735
798
820
805
1671
920
907
873
907
974
977
1954
1039
1024
1074
2139
1146
1149
1159
2373
1264
1325
1343
2639
1308
1305
2724
1334
1363
2540
1290
2326
1120
1081
2036
988
1714
819
1461
669
618
1091
488
843
392
723
605
253
469
198
399
160
314
290
154
413
515
288
603
535
250
491
603
340
679
621
663
343
735
781
819
1003
1031
557
1168
1267
1463
1529
1491
1653
1780
981
2063
2082
2111
2519
2851
3256
3208
2884
2814
2395
2062
1601
2373
1469
1411
1202
874
501
434
302
185
51
45
26
10
41
31
52
46
25
85048.jpg
0
0
0
0
0
0
0
0
0
0
0
0
0
0
0
0
0
0
0
0
0
0
0
0
0
0
0
0
0
0
0
0
0
0
0
0
0
0
0
0
0
0
0
0
0
0
0
0
0
0
0
0
0
0
0
0
0
0
0
0
0
0
0
0
0
0
0
0
0
0
0
0
0
0
0
0
0
0
0
0
0
0
0
0
0
0
0
0
0
0
0
0
0
0
0
0
4
0
6
20
0
72
213
0
424
492
598
0
743
836
856
0
810
774
700
597
0
524
509
484
425
433
420
0
389
374
375
376
406
402
354
386
344
372
357
327
367
366
373
381
378
399
394
420
424
469
435
462
994
464
497
543
526
552
508
1090
551
610
603
1266
684
717
742
1524
815
877
961
1982
1004
1036
2259
1229
1250
2656
1343
2815
1421
1422
2909
1441
2926
1398
2951
1485
1376
2718
1321
2507
1186
2338
2204
1040
1981
893
1776
846
1608
1607
795
1444
1346
646
1223
1242
647
1168
1190
597
1137
1142
1115
558
1153
1177
1105
1143
1161
546
1160
1115
1043
1046
1074
989
988
515
1028
991
943
983
954
881
840
825
812
777
780
695
998
722
702
712
744
729
770
729
1161
865
855
871
969
1757
1782
3249
5873
3217
69015.jpg
187
0
0
0
0
0
0
0
0
0
0
0
0
203
0
0
0
0
0
0
0
0
291
0
0
0
0
0
668
0
0
0
0
0
1870
0
0
0
11518
0
0
0
3527
0
0
0
2280
0
0
0
1664
0
0
1408
0
0
1327
0
0
1421
0
1281
0
0
1093
0
970
0
0
908
0
901
0
832
0
834
0
806
0
767
0
765
0
738
0
751
768
0
787
0
729
0
775
773
0
858
813
0
811
794
0
831
882
0
943
970
957
0
998
1006
1035
0
1108
1075
1081
1096
0
1176
1183
1176
1205
1211
1164
0
1284
1342
1266
1311
1360
1301
1457
1453
1467
1515
1443
1508
1550
1568
1478
1427
1473
1406
1411
1439
1375
1419
1456
1361
2802
1433
1354
1353
1310
1339
1305
2522
1236
1248
1255
2540
1261
1223
1204
2224
1037
939
918
1781
848
811
1540
772
797
1409
676
1332
632
673
1320
606
1254
544
1102
529
539
959
448
845
365
764
749
329
667
260
572
251
489
444
211
359
340
182
292
259
118
193
177
91
179
158
133
72
122
124
94
95
108
47
79
83
75
73
64
81
53
21
38
42
39
28
26
16
22
17
22
14
12
17
12
7
9
6
5
11
5
4
6
1
4
4
4
10
5
8
10
19
66053.jpg
3
0
0
0
0
0
0
0
0
0
0
0
0
2
0
0
0
0
0
0
0
0
4
0
0
0
0
0
4
0
0
0
0
0
13
0
0
0
25
0
0
0
38
0
0
0
56
0
0
0
90
0
0
142
0
0
222
0
0
305
0
446
0
0
742
0
1428
0
0
3723
0
3209
0
1558
0
1212
0
1001
0
908
0
856
0
804
0
886
849
0
907
0
936
0
921
955
0
968
976
0
1040
1107
0
1114
1070
0
1196
1271
1258
0
1413
1426
1440
0
1493
1475
1417
1411
0
1463
1489
1512
1435
1370
1438
0
1410
1430
1385
1472
1398
1483
1460
1485
1481
1425
1448
1467
1450
1544
1521
1397
1534
1447
1438
1537
1534
1530
1488
1491
3163
1591
1630
1612
1533
1616
1537
3044
1579
1441
1488
2906
1412
1411
1409
2486
1282
1231
1182
2254
1040
958
1710
782
799
1291
534
1054
485
412
827
352
728
309
682
308
292
547
267
570
270
569
514
255
491
244
502
217
479
470
228
459
437
210
464
470
241
392
446
221
440
499
492
264
462
500
475
536
502
228
504
520
502
476
489
510
454
262
450
388
338
321
251
216
178
131
117
78
53
50
50
17
5
6
5
3
3
5
2
1
0
1
1
1
0
0
0
0
103070.jpg
0
0
0
0
0
0
0
0
0
0
0
0
0
0
0
0
0
0
0
0
0
0
0
0
0
0
0
0
0
0
0
0
0
0
0
0
0
0
0
0
0
0
0
0
0
0
0
0
0
0
0
0
0
0
0
0
0
0
0
0
0
0
0
0
0
0
0
0
0
0
0
0
0
0
0
0
0
0
0
0
0
0
0
0
0
0
0
0
3
0
3
0
5
13
0
26
60
0
144
211
0
242
318
0
354
396
479
0
506
573
677
0
751
732
844
904
0
1050
1114
1177
1221
1287
1345
0
1341
1499
1523
1686
1722
1785
1843
1858
1731
1761
1829
1782
1870
1955
1878
1769
1780
1778
1712
1648
1686
1714
1744
1705
3510
1717
1738
1731
1756
1735
1664
3430
1742
1724
1664
3357
1642
1693
1784
3324
1670
1805
1805
3812
1844
1772
3347
1606
1504
2864
1327
2403
1067
1031
2014
954
1876
952
1782
850
905
1789
822
1558
726
1460
1259
661
1303
592
1050
475
983
816
391
774
792
338
672
628
302
571
523
235
449
419
457
217
413
357
348
329
364
182
339
345
297
301
244
214
193
102
178
212
181
176
138
135
121
112
121
110
103
94
120
66
79
63
62
75
57
50
78
61
56
44
40
44
28
21
27
24
229036.jpg
2
0
0
0
0
0
0
0
0
0
0
0
0
4
0
0
0
0
0
0
0
0
2
0
0
0
0
0
4
0
0
0
0
0
11
0
0
0
5
0
0
0
7
0
0
0
20
0
0
0
25
0
0
31
0
0
31
0
0
61
0
59
0
0
76
0
94
0
0
104
0
141
0
165
0
198
0
241
0
238
0
230
0
261
0
246
251
0
280
0
279
0
262
311
0
353
336
0
353
362
0
374
382
0
374
383
380
0
363
410
378
0
391
404
358
393
0
430
442
415
440
393
432
0
455
453
415
459
495
560
586
676
769
867
931
1058
1239
1278
1365
1468
1537
1641
1639
1671
1711
1560
1658
1565
3254
1567
1624
1619
1543
1462
1479
2756
1321
1292
1332
2556
1300
1356
1360
2579
1199
1347
1271
2610
1291
1303
2583
1210
1245
2436
1225
2274
1053
1005
1992
930
1719
866
1591
770
722
1401
671
1298
670
1208
1147
568
1086
497
962
511
934
946
426
944
852
441
807
809
395
832
819
396
814
776
766
421
808
769
790
861
871
479
857
865
953
927
915
933
892
468
977
965
976
999
985
947
885
878
849
830
778
751
975
584
562
527
518
504
531
536
713
473
396
405
408
547
476
714
1460
3184
69040.jpg
60
0
0
0
0
0
0
0
0
0
0
0
0
81
0
0
0
0
0
0
0
0
119
0
0
0
0
0
175
0
0
0
0
0
216
0
0
0
239
0
0
0
251
0
0
0
229
0
0
0
262
0
0
203
0
0
212
0
0
228
0
221
0
0
239
0
224
0
0
236
0
208
0
262
0
227
0
251
0
265
0
272
0
250
0
285
300
0
296
0
284
0
318
327
0
371
403
0
438
444
0
463
472
0
472
541
517
0
624
647
651
0
735
762
802
854
0
906
1032
1038
1072
1167
1302
0
1349
1389
1398
1463
1590
1570
1542
1735
1743
1849
1860
1886
1856
2038
2011
2097
2049
2155
2174
2234
2241
2386
2274
2274
4590
2349
2364
2373
2294
2324
2290
4439
2141
2198
2088
3951
1973
1826
1761
3406
1684
1647
1605
3122
1410
1407
2650
1237
1252
2306
1089
2064
1011
970
1845
888
1708
818
1453
691
640
1247
621
1109
531
913
925
392
747
361
742
333
585
505
232
413
380
169
297
239
96
191
204
96
181
128
129
58
102
116
85
83
88
42
60
49
82
41
48
28
36
14
32
23
22
26
14
14
12
15
13
13
11
6
7
2
1
1
4
2
1
2
1
0
1
0
0
0
0
0
0
0
3096.jpg
3
0
0
0
0
0
0
0
0
0
0
0
0
8
0
0
0
0
0
0
0
0
11
0
0
0
0
0
16
0
0
0
0
0
25
0
0
0
64
0
0
0
123
0
0
0
143
0
0
0
149
0
0
134
0
0
127
0
0
104
0
81
0
0
91
0
112
0
0
115
0
151
0
132
0
172
0
200
0
262
0
275
0
256
0
290
354
0
364
0
338
0
330
293
0
220
225
0
192
140
0
145
76
0
81
84
80
0
66
68
55
0
69
76
52
57
0
71
47
54
45
50
48
0
55
45
43
40
52
47
37
49
42
37
32
52
54
59
72
86
88
110
118
106
107
107
127
149
296
140
172
218
290
321
316
799
394
422
480
1058
453
449
410
844
472
517
620
1568
946
1027
2520
1554
1811
3513
1516
2780
1581
1689
3968
2712
6358
3369
6842
4022
4335
9458
5644
10884
4630
7886
7884
3719
6622
2798
5132
2435
4790
4423
2161
3074
1533
539
731
376
138
191
56
12
13
10
9
5
12
5
4
5
1
1
0
0
0
0
0
0
0
0
0
0
0
0
0
0
0
0
0
0
0
0
0
0
0
0
0
0
0
0
0
0
0
0
0
0
0
0
0
0
134035.jpg
0
0
0
0
0
0
0
0
0
0
0
0
0
0
0
0
0
0
0
0
0
0
0
0
0
0
0
0
0
0
0
0
0
0
0
0
0
0
0
0
0
0
0
0
0
0
0
0
0
0
0
0
0
0
0
0
0
0
0
0
0
0
0
0
0
0
0
0
0
0
0
0
0
1
0
2
0
5
0
7
0
29
0
34
0
41
55
0
64
0
61
0
90
131
0
133
180
0
203
238
0
281
273
0
351
415
461
0
490
552
540
0
550
602
687
762
0
765
894
981
1046
1186
1252
0
1305
1493
1574
1656
1815
1849
2041
2152
2217
2292
2303
2382
2388
2417
2374
2378
2272
2319
2227
2207
2101
1956
1981
1927
3385
1675
1622
1560
1528
1491
1386
2549
1281
1195
1161
2297
1032
1008
1020
1881
877
823
835
1608
754
672
1323
663
607
1259
602
1139
579
560
1058
530
1062
492
1008
503
493
908
517
900
477
992
896
487
866
416
957
467
915
892
465
933
880
459
881
928
481
842
899
466
917
930
852
472
984
971
888
822
840
334
801
739
661
675
685
607
711
362
735
834
827
792
895
922
1004
1087
862
797
738
648
1083
606
593
556
535
520
530
566
816
502
354
293
201
202
125
62
25
10
62096.jpg
0
0
0
0
0
0
0
0
0
0
0
0
0
0
0
0
0
0
0
0
0
0
0
0
0
0
0
0
0
0
0
0
0
0
0
0
0
0
0
0
0
0
0
0
0
0
0
0
0
0
0
0
0
0
0
0
0
0
0
0
0
0
0
0
0
0
0
0
0
0
0
0
0
0
0
0
0
2
0
0
0
1
0
3
0
3
4
0
10
0
31
0
34
61
0
57
78
0
74
106
0
104
102
0
108
113
147
0
303
697
1048
0
1338
1502
1660
1930
0
2682
3334
3714
4144
4535
4933
0
4858
4678
3964
3560
2956
2468
2014
1589
1281
1049
857
755
630
567
543
466
420
367
314
346
286
260
244
252
531
273
349
353
328
373
347
692
330
316
287
514
237
189
207
387
173
158
158
292
163
148
337
162
184
374
175
402
196
211
402
224
443
206
347
205
179
379
168
358
180
336
388
177
390
173
316
203
329
354
174
333
334
150
347
317
172
347
363
151
324
299
344
163
364
384
397
355
383
193
443
427
436
440
491
452
485
260
478
476
488
517
553
528
571
565
570
569
647
639
1006
721
668
800
736
780
867
901
1478
1090
1161
1394
1522
3765
5634
11886
15884
5994
223061.jpg
118
0
0
0
0
0
0
0
0
0
0
0
0
110
0
0
0
0
0
0
0
0
197
0
0
0
0
0
243
0
0
0
0
0
272
0
0
0
319
0
0
0
466
0
0
0
634
0
0
0
673
0
0
612
0
0
564
0
0
537
0
430
0
0
458
0
442
0
0
457
0
461
0
406
0
388
0
379
0
427
0
370
0
415
0
372
381
0
390
0
380
0
361
390
0
408
415
0
393
424
0
430
407
0
480
479
460
0
492
491
476
0
528
526
587
604
0
605
625
623
602
652
644
0
622
649
677
669
663
664
715
720
659
723
771
733
670
665
687
689
696
665
672
674
670
683
686
703
1367
682
644
706
694
684
693
1249
656
649
584
1219
611
596
590
1204
540
547
598
1115
522
566
1135
582
583
1237
606
1263
560
604
1059
556
1032
543
1149
536
538
1067
564
1090
592
1140
1172
589
1187
625
1165
611
1301
1316
719
1390
1434
740
1434
1459
780
1559
1588
762
1629
1666
1728
835
1861
1928
2128
2082
1991
1031
2028
2134
2079
2068
2241
2527
2686
1375
2774
2597
2645
2520
2629
2574
2437
2397
1974
1538
1141
834
972
410
274
132
83
15
4
2
2
0
1
3
0
2
0
2
3
8
42049.jpg
0
0
0
0
0
0
0
0
0
0
0
0
0
0
0
0
0
0
0
0
0
0
0
0
0
0
0
0
0
0
0
0
0
0
0
0
0
0
0
0
0
0
0
0
0
0
0
0
0
0
0
0
0
0
0
0
0
0
0
1
0
4
0
0
4
0
24
0
0
44
0
111
0
123
0
115
0
127
0
139
0
166
0
151
0
218
202
0
218
0
251
0
291
320
0
293
320
0
340
366
0
405
404
0
427
490
541
0
490
482
536
0
575
522
503
501
0
510
455
424
413
382
377
0
366
324
340
305
323
287
292
293
278
270
276
269
278
256
246
239
264
238
246
252
214
232
235
225
418
215
215
223
208
222
194
387
215
195
204
397
218
172
178
368
197
173
146
355
172
196
365
200
181
383
173
373
193
198
457
224
445
210
461
250
246
408
244
410
227
435
441
190
424
197
379
209
413
428
201
455
481
233
514
557
316
663
649
333
653
674
734
426
992
1045
1015
1149
1289
723
1358
1405
1536
1645
1834
2379
3606
2603
7418
10390
12615
16242
14149
10945
7359
5452
3748
1833
800
302
319
153
117
76
55
43
22
22
20
0
4
0
4
0
0
0
0
0
299086.jpg
0
0
0
0
0
0
0
0
0
0
0
0
0
0
0
0
0
0
0
0
0
0
0
0
0
0
0
0
0
0
0
0
0
0
0
0
0
0
0
0
0
0
0
0
0
0
0
0
0
0
0
0
0
0
0
0
0
0
0
0
0
0
0
0
0
0
0
0
0
0
0
0
0
0
0
0
0
0
0
0
0
0
0
0
0
0
0
0
0
0
0
0
0
0
0
0
0
0
0
0
0
0
0
0
2
3
5
0
3
20
19
0
34
56
74
110
0
148
200
225
259
268
295
0
272
342
333
336
331
346
333
315
326
348
325
314
283
346
351
344
358
330
425
380
381
401
532
576
1273
799
1048
1092
1247
1270
1299
2854
1715
2107
2474
5334
3133
3367
3135
5055
2501
2573
2718
5769
3054
3115
6510
3138
3033
5836
2828
5798
2834
2673
5436
2719
5424
2464
4392
2037
1908
3653
1806
3352
1672
2972
2542
1158
1990
875
1565
639
1110
1007
459
849
687
289
585
448
217
353
289
138
219
206
199
91
127
105
87
73
65
33
46
32
36
24
12
18
17
4
7
9
4
2
4
5
3
1
1
1
0
1
1
0
0
1
1
0
0
0
0
0
0
0
0
0
0
0
0
0
106024.jpg
0
0
0
0
0
0
0
0
0
0
0
0
0
0
0
0
0
0
0
0
0
0
0
0
0
0
0
0
0
0
0
0
0
0
0
0
0
0
0
0
0
0
0
0
0
0
0
0
0
0
0
0
0
0
0
0
0
0
0
0
0
0
0
0
0
0
0
0
0
0
0
0
0
0
0
0
0
0
0
0
0
0
0
0
0
0
0
0
0
0
0
0
0
0
0
0
0
0
0
0
0
0
6
0
5
9
38
0
20
20
35
0
32
49
49
76
0
114
113
129
149
207
233
0
255
230
253
253
219
269
228
255
255
294
287
350
308
321
357
368
383
433
471
495
511
571
640
578
1283
637
698
696
695
749
785
1644
824
813
904
1768
935
813
796
1653
820
786
870
1563
740
789
1570
770
753
1512
709
1316
686
679
1325
594
1143
553
1094
539
522
1016
464
927
481
801
849
452
950
513
980
453
999
892
473
1058
1074
534
1117
1087
550
1221
1248
584
1236
1302
1319
640
1255
1096
1028
1029
1110
560
1144
1250
1390
1479
1522
1681
1989
1092
2032
2051
2214
2282
2280
2122
1836
1671
1544
1458
1375
1475
2097
1401
1368
1387
1473
1517
1496
1514
2590
1944
2269
2451
2868
4802
3261
5699
7934
251
291000.jpg
0
0
0
0
0
0
0
0
0
0
0
0
0
0
0
0
0
0
0
0
0
0
0
0
0
0
0
0
0
0
0
0
0
0
0
0
0
0
0
0
0
0
0
0
0
0
0
0
0
0
0
0
0
0
0
0
0
0
0
0
0
0
0
0
0
0
0
0
0
0
0
0
0
0
0
0
0
0
0
0
0
0
0
0
0
0
0
0
0
0
0
0
0
0
0
0
0
0
0
0
0
0
0
0
0
0
0
0
2
1
3
0
15
25
50
71
0
122
144
158
171
190
193
0
223
212
228
255
311
333
314
355
335
429
432
475
523
522
527
516
587
559
523
550
574
602
532
572
1112
581
592
574
531
607
622
1294
654
692
670
1387
769
705
725
1468
728
747
739
1563
738
834
1621
829
799
1720
865
1727
860
867
1705
916
1724
842
1861
983
978
1826
963
1883
942
1922
1951
1021
1989
1011
2055
988
2045
2114
1004
2104
2136
1066
2054
2106
1037
2093
2144
1111
2241
2189
2207
1192
2214
2317
2266
2235
2306
1124
2216
2149
2236
2196
2142
2073
2062
973
1915
1842
1787
1748
1607
1542
1465
1392
1309
1328
1140
1064
1489
896
811
776
713
702
632
573
845
541
512
539
460
885
612
850
1049
1211
55073.jpg
4
0
0
0
0
0
0
0
0
0
0
0
0
9
0
0
0
0
0
0
0
0
13
0
0
0
0
0
23
0
0
0
0
0
49
0
0
0
56
0
0
0
123
0
0
0
203
0
0
0
278
0
0
500
0
0
591
0
0
750
0
846
0
0
846
0
825
0
0
843
0
830
0
840
0
828
0
824
0
865
0
942
0
962
0
959
942
0
1038
0
1125
0
1117
1124
0
1230
1245
0
1247
1260
0
1332
1362
0
1322
1431
1472
0
1503
1532
1559
0
1467
1569
1567
1555
0
1612
1554
1566
1505
1501
1522
0
1490
1485
1559
1415
1412
1402
1373
1441
1453
1423
1413
1476
1378
1459
1409
1438
1377
1447
1459
1355
1401
1384
1439
1503
2772
1407
1374
1345
1374
1364
1359
2567
1308
1303
1303
2425
1231
1092
1125
2234
1063
1021
1063
1946
947
945
1756
867
804
1618
744
1437
679
658
1246
600
1146
571
1096
479
487
935
447
846
409
760
707
349
672
308
611
296
627
506
259
485
519
235
468
423
211
384
372
176
348
328
355
143
305
308
292
238
254
139
248
206
203
207
204
189
203
96
185
167
179
207
165
172
178
174
149
154
170
204
303
215
239
225
187
213
224
171
281
186
209
302
438
855
704
560
265
34
squares.png
100
0
0
0
0
0
0
0
0
0
0
0
0
0
0
0
0
0
0
0
0
0
0
0
0
0
0
0
0
0
0
0
0
0
0
0
0
0
0
0
0
0
0
0
0
0
0
0
0
0
0
0
0
0
0
0
0
0
0
0
0
0
0
0
0
0
0
0
0
0
0
0
0
0
0
0
0
0
0
0
0
0
0
0
0
0
0
0
0
0
0
0
0
0
0
0
0
0
0
0
0
0
0
0
0
0
0
0
0
0
0
0
0
0
0
0
0
0
0
0
0
0
0
0
0
0
0
0
0
0
0
0
0
0
0
0
0
0
0
0
0
0
0
0
0
0
0
0
0
0
0
0
0
0
0
0
0
0
0
0
0
0
0
0
0
0
0
0
0
0
0
0
0
0
0
0
0
0
0
0
0
0
0
0
0
0
0
0
100
0
0
0
0
0
0
0
0
0
0
0
0
0
0
0
0
0
0
0
0
0
0
0
0
0
0
0
0
0
0
0
0
0
0
0
0
0
0
0
0
0
0
100
0
0
0
0
0
0
0
0
0
0
0
0
0
0
0
0
0
0
0
0
0
0
0
100
220075.jpg
0
0
0
0
0
0
0
0
0
0
0
0
0
0
0
0
0
0
0
0
0
0
0
0
0
0
0
0
1
0
0
0
0
0
0
0
0
0
0
0
0
0
0
0
0
0
3
0
0
0
4
0
0
27
0
0
68
0
0
455
0
746
0
0
702
0
738
0
0
829
0
887
0
923
0
874
0
844
0
818
0
886
0
948
0
971
1107
0
1118
0
1158
0
1160
1255
0
1236
1274
0
1231
1229
0
1226
1263
0
1215
1256
1291
0
1309
1305
1289
0
1306
1309
1316
1331
0
1357
1430
1401
1430
1437
1429
0
1428
1356
1240
1212
1218
1175
1205
1107
1087
1053
1018
1008
1027
1046
1011
1040
1100
1051
1098
1105
1120
1209
1143
1179
2428
1117
1131
1119
1086
1031
1106
2066
971
1020
996
1838
918
900
893
1868
1043
1009
953
1820
895
899
1911
1030
1054
2099
1005
1964
898
857
1816
881
1831
899
1883
954
905
1812
936
1831
923
1754
1441
694
1320
573
1023
452
766
696
290
569
572
264
533
526
274
504
518
263
465
453
491
259
443
423
473
403
430
229
402
342
372
340
317
334
330
120
305
308
288
290
299
265
239
259
265
245
215
235
361
219
185
209
231
261
265
257
376
272
248
276
240
502
524
951
828
101
78004.jpg
99
0
0
0
0
0
0
0
0
0
0
0
0
92
0
0
0
0
0
0
0
0
104
0
0
0
0
0
104
0
0
0
0
0
118
0
0
0
153
0
0
0
155
0
0
0
232
0
0
0
317
0
0
484
0
0
824
0
0
2340
0
4444
0
0
764
0
390
0
0
303
0
265
0
270
0
248
0
269
0
289
0
324
0
336
0
353
348
0
361
0
416
0
385
454
0
443
483
0
547
564
0
591
658
0
677
736
704
0
767
832
904
0
884
923
837
918
0
956
929
936
993
1045
1014
0
1036
1065
1040
1046
1052
933
944
954
924
898
874
881
841
831
884
857
893
908
849
851
856
849
899
859
1816
918
909
852
863
842
812
1660
813
787
742
1551
823
770
782
1679
900
877
899
1739
740
743
1346
584
596
1140
604
1176
641
582
1155
601
1169
609
1154
591
594
1240
702
1374
731
1232
1108
546
1123
571
1142
559
1180
1173
577
1157
1184
586
1038
979
416
881
822
418
774
740
669
328
616
612
450
442
370
179
348
435
481
691
978
1000
1339
897
1573
1514
1406
1074
841
799
717
647
560
621
543
612
936
669
749
773
901
1061
1223
1504
2328
1458
1355
1393
1518
2401
1534
1205
610
123
41033.jpg
0
0
0
0
0
0
0
0
0
0
0
0
0
0
0
0
0
0
0
0
0
0
0
0
0
0
0
0
0
0
0
0
0
0
0
0
0
0
0
0
0
0
2
0
0
0
0
0
0
0
1
0
0
1
0
0
2
0
0
13
0
67
0
0
99
0
185
0
0
328
0
407
0
522
0
649
0
670
0
693
0
679
0
732
0
724
758
0
765
0
829
0
882
944
0
888
961
0
979
1037
0
960
992
0
926
1056
1024
0
1106
1121
1165
0
1100
1238
1223
1251
0
1333
1352
1311
1334
1434
1468
0
1548
1637
1705
1726
1691
1753
1785
1822
1872
1911
1918
1981
1908
1894
2010
1958
1853
1863
1790
1667
1695
1612
1566
1515
2751
1316
1227
1171
1063
1074
1047
1892
888
807
844
1586
762
780
624
1147
510
480
427
787
389
357
643
295
289
593
269
577
281
275
523
251
531
242
449
237
224
478
254
494
248
529
529
264
549
281
596
299
665
706
349
707
720
403
806
865
426
931
914
456
976
1045
919
453
881
950
1005
963
1073
569
1229
1346
1482
1675
1911
2145
2200
1170
2281
2263
2079
1894
1527
1199
904
687
470
342
239
173
172
59
51
29
24
15
16
6
8
2
1
0
0
0
0
0
0
0
65033.jpg
0
0
0
0
0
0
0
0
0
0
0
0
0
0
0
0
0
0
0
0
0
0
0
0
0
0
0
0
0
0
0
0
0
0
0
0
0
0
0
0
0
0
0
0
0
0
0
0
0
0
0
0
0
0
0
0
0
0
0
1
0
2
0
0
4
0
1
0
0
5
0
11
0
14
0
26
0
39
0
59
0
90
0
126
0
174
278
0
387
0
580
0
830
1323
0
2161
4318
0
2590
1848
0
1440
1256
0
1109
1123
1077
0
1042
1036
1011
0
1047
1001
1077
1127
0
1104
1116
1109
1130
1195
1158
0
1210
1238
1246
1310
1296
1316
1198
1295
1334
1369
1312
1360
1377
1333
1279
1315
1298
1261
1340
1357
1324
1336
1332
1354
2555
1267
1263
1257
1340
1280
1293
2534
1242
1178
1203
2454
1160
1190
1179
2257
1168
1080
1059
2057
1118
1015
2032
1040
1033
1976
1008
1962
983
918
1888
896
1834
903
1695
853
818
1748
814
1604
703
1493
1407
732
1354
680
1290
569
1181
1204
559
1135
1128
510
1033
1075
514
1081
1013
475
898
921
823
393
787
686
669
610
553
280
454
405
362
314
295
274
206
96
171
149
109
106
101
58
53
64
61
43
43
43
61
37
37
42
39
47
42
41
67
48
50
69
71
140
134
251
534
959
241004.jpg
0
0
0
0
0
0
0
0
0
0
0
0
0
0
0
0
0
0
0
0
0
0
0
0
0
0
0
0
0
0
0
0
0
0
0
0
0
0
0
0
0
0
0
0
0
0
0
0
0
0
0
0
0
0
0
0
0
0
0
0
0
0
0
0
0
0
0
0
0
0
0
0
0
0
0
0
0
0
0
0
0
0
0
0
0
0
0
0
0
0
0
0
0
2
0
3
6
0
34
60
0
154
256
0
381
472
607
0
610
703
820
0
832
922
955
1025
0
1157
1194
1229
1256
1275
1355
0
1348
1369
1406
1476
1489
1489
1548
1601
1695
1653
1682
1625
1718
1644
1637
1600
1565
1460
1394
1330
1186
1089
1016
979
1641
721
598
641
519
475
467
807
340
338
284
515
262
242
266
506
243
227
231
523
304
285
591
324
379
776
423
1007
535
467
1001
573
1106
546
1161
560
654
1456
846
2033
1202
2971
3458
1764
3172
1438
2740
1225
2201
2092
873
1523
1216
569
1007
800
337
528
412
169
286
258
234
112
199
196
195
234
312
209
493
581
961
1693
2568
2680
2440
1074
1485
730
430
277
191
287
448
433
409
396
358
339
501
339
302
219
176
133
55
43
43
38
33
36
36
114
192
685
4711
21360
160068.jpg
0
0
0
0
0
0
0
0
0
0
0
0
0
0
0
0
0
0
0
0
0
0
0
0
0
0
0
0
0
0
0
0
0
0
0
0
0
0
0
0
0
0
0
0
0
0
0
0
0
0
0
0
0
0
0
0
0
0
0
0
0
0
0
0
0
0
0
0
0
0
0
0
0
0
0
0
0
0
0
0
0
0
0
0
0
0
0
0
0
0
0
0
0
0
0
0
0
0
0
0
0
1
40
0
1146
3143
2777
0
2442
2219
2156
0
1791
1750
1531
1480
0
1565
1551
1494
1441
1554
1606
0
1593
1577
1619
1780
1909
2020
2095
2066
2110
1861
1736
1778
2166
2225
1952
1967
2265
2258
2202
2037
1957
1914
1857
1805
3329
1596
1770
1548
1511
1516
1751
3514
1611
1603
1324
2378
1150
1075
871
1548
577
484
443
816
375
401
822
413
431
964
547
1054
519
471
912
490
926
494
933
477
512
987
531
1068
482
1075
1105
555
1038
541
1099
523
1052
1092
579
1094
1080
474
1041
1049
490
969
921
460
904
823
774
385
783
790
733
666
634
285
670
596
552
590
526
480
449
226
446
462
408
357
363
367
298
296
309
243
268
238
353
223
194
187
185
146
148
141
194
129
101
113
89
156
91
72
37
24
306005.jpg
19
0
0
0
0
0
0
0
0
0
0
0
0
25
0
0
0
0
0
0
0
0
81
0
0
0
0
0
244
0
0
0
0
0
1318
0
0
0
10918
0
0
0
9402
0
0
0
9965
0
0
0
4744
0
0
2378
0
0
1601
0
0
1240
0
1025
0
0
851
0
772
0
0
730
0
713
0
657
0
624
0
581
0
642
0
614
0
664
0
672
669
0
688
0
702
0
683
734
0
737
733
0
764
839
0
765
767
0
759
702
718
0
748
718
726
0
750
720
705
722
0
679
634
667
694
697
684
0
641
661
715
635
663
663
698
655
608
590
620
617
595
612
619
601
653
608
620
620
645
575
637
547
1187
606
577
621
599
535
585
1145
595
545
544
1150
546
540
559
1094
542
544
558
1197
572
558
1221
629
619
1224
621
1213
653
643
1267
667
1362
684
1449
678
713
1473
757
1476
707
1493
1451
711
1398
686
1344
665
1388
1319
653
1325
1320
567
1221
1149
583
1056
967
499
870
777
809
339
666
548
479
437
436
194
349
337
295
296
297
293
299
133
255
249
230
211
207
218
184
190
161
198
165
171
247
180
160
152
163
158
143
151
240
166
247
307
407
722
595
651
536
651
163085.jpg
6
0
0
0
0
0
0
0
0
0
0
0
0
9
0
0
0
0
0
0
0
0
22
0
0
0
0
0
52
0
0
0
0
0
114
0
0
0
121
0
0
0
79
0
0
0
74
0
0
0
48
0
0
81
0
0
59
0
0
83
0
72
0
0
66
0
72
0
0
82
0
98
0
96
0
102
0
103
0
153
0
146
0
165
0
204
203
0
220
0
266
0
240
301
0
285
338
0
421
431
0
498
544
0
565
607
573
0
612
667
609
0
637
701
743
783
0
763
875
892
907
998
1117
0
1253
1246
1367
1426
1451
1505
1537
1600
1550
1638
1723
1812
1825
1851
1905
1872
1909
1915
1978
2053
2086
2194
2197
2261
4574
2372
2363
2408
2310
2199
2238
4497
2186
2178
2159
4398
2083
2040
2015
3901
1903
1871
1714
3222
1499
1423
2602
1237
1127
2094
1109
2001
919
861
1758
822
1557
773
1464
679
718
1446
647
1307
596
1229
1170
585
1076
455
941
476
826
766
366
720
697
305
649
611
271
630
518
277
462
382
315
133
199
198
141
120
84
41
55
51
54
35
38
25
26
12
15
16
17
8
21
11
9
9
7
13
4
1
2
1
0
0
1
0
0
0
0
0
0
0
0
0
0
0
0
0
271035.jpg
0
0
0
0
0
0
0
0
0
0
0
0
0
0
0
0
0
0
0
0
0
0
0
0
0
0
0
0
0
0
0
0
0
0
0
0
0
0
0
0
0
0
0
0
0
0
0
0
0
0
0
0
0
0
0
0
0
0
0
0
0
0
0
0
0
0
0
0
0
0
0
0
0
0
0
0
0
0
0
0
0
0
0
0
0
0
0
0
0
0
0
0
0
0
0
0
0
0
0
0
0
0
0
0
0
0
0
0
0
0
1
0
0
5
117
542
0
741
640
526
440
523
534
0
522
563
639
658
721
716
682
714
697
679
630
666
648
698
666
657
678
660
652
688
729
667
677
757
1527
789
810
811
796
852
912
1773
921
998
999
2102
1073
1157
1160
2321
1284
1313
1360
2791
1472
1488
2938
1422
1401
2634
1225
2144
1003
931
1755
884
1595
786
1667
799
848
1710
899
1892
1012
1952
1935
897
1666
814
1406
694
1234
1160
572
1064
1065
465
1069
1105
619
1308
1397
706
1633
1793
2050
1203
2587
3046
3358
3518
3464
1689
3036
2534
2221
1868
1321
1176
998
460
885
827
735
722
624
649
570
515
541
531
602
556
902
628
664
705
753
627
692
733
931
609
509
499
464
657
484
496
551
270
285079.jpg
0
0
0
0
0
0
0
0
0
0
0
0
0
0
0
0
0
0
0
0
0
0
0
0
0
0
0
0
0
0
0
0
0
0
0
0
0
0
0
0
0
0
0
0
0
0
0
0
0
0
0
0
0
0
0
0
0
0
0
0
0
0
0
0
0
0
0
0
0
0
0
0
0
0
0
0
0
0
0
0
0
0
0
0
0
0
0
0
0
0
0
0
1
3
0
2
4
0
6
31
0
34
75
0
127
222
356
0
583
947
1589
0
2556
3580
3809
3486
0
3278
3078
2865
2857
2805
2696
0
2643
2735
2657
2707
2617
2589
2417
2373
2370
2335
2298
2257
2155
2188
2042
2075
1957
1908
1861
1801
1828
1621
1600
1496
3076
1489
1331
1349
1328
1346
1267
2454
1152
1201
1054
2018
1003
925
920
1737
823
792
793
1620
772
688
1415
654
652
1252
600
1136
562
582
1095
539
1147
516
1010
494
425
884
399
804
376
750
659
329
581
278
566
239
522
462
229
438
401
215
384
409
170
391
360
177
338
337
329
163
307
309
288
287
257
128
264
254
273
235
260
246
227
115
225
215
253
197
213
215
204
199
194
226
221
202
333
191
225
257
239
313
382
397
612
450
587
770
571
436
308
387
678
1324
86016.jpg
0
0
0
0
0
0
0
0
0
0
0
0
0
0
0
0
0
0
0
0
0
0
0
0
0
0
0
0
0
0
0
0
0
0
0
0
0
0
0
0
0
0
0
0
0
0
0
0
0
0
0
0
0
0
0
0
0
0
0
0
0
0
0
0
0
0
0
0
0
0
0
0
0
0
0
0
0
0
0
0
0
0
0
0
0
0
0
0
0
0
0
0
0
0
0
1
1
0
1
2
0
5
10
0
8
6
11
0
22
23
44
0
48
48
71
88
0
96
115
135
138
147
169
0
192
200
210
229
224
275
269
260
274
336
336
319
342
375
358
371
395
421
422
460
417
439
440
461
957
416
460
476
485
471
444
915
437
467
460
964
449
454
459
995
486
460
518
1051
483
508
1027
531
548
1127
601
1125
587
578
1164
580
1236
647
1338
650
672
1323
683
1418
731
1514
1580
827
1640
848
1825
927
1916
1970
1020
2158
2265
1177
2374
2496
1279
2614
2686
1342
2834
2922
3022
1554
3144
3110
3155
3252
3344
1591
3250
3362
3269
3320
3279
3164
3119
1533
3019
2893
2657
2485
2287
2172
2027
1755
1484
1317
1211
1075
1429
827
653
598
489
428
356
309
389
210
187
124
115
141
88
70
86
243
87046.jpg
0
0
0
0
0
0
0
0
0
0
0
0
0
0
0
0
0
0
0
0
0
0
0
0
0
0
0
0
0
0
0
0
0
0
0
0
0
0
0
0
0
0
0
0
0
0
0
0
0
0
0
0
0
0
0
0
0
0
0
0
0
0
0
0
0
0
0
0
0
0
0
0
0
0
0
0
0
0
0
0
0
0
0
2
0
2
4
0
7
0
20
0
15
23
0
36
66
0
104
104
0
164
219
0
268
311
308
0
338
331
288
0
288
249
246
250
0
217
209
192
172
194
220
0
192
186
216
201
208
220
221
237
232
271
267
276
266
290
273
329
350
379
395
419
405
456
467
548
1157
605
730
691
795
815
793
1871
964
997
988
2086
1104
1127
1114
2434
1257
1317
1279
2725
1383
1407
2836
1430
1425
2843
1503
2863
1478
1522
3015
1490
2955
1384
2760
1375
1341
2541
1270
2458
1231
2297
2092
1018
2007
961
1779
843
1793
1674
826
1582
1549
745
1613
1549
813
1539
1502
780
1517
1464
1433
685
1324
1403
1351
1370
1349
643
1258
1303
1204
1203
1231
1164
1154
541
1034
1027
1031
942
959
922
895
822
797
724
754
755
1218
740
747
736
753
739
744
659
1097
697
683
688
713
1188
1040
1658
2245
1325
170057.jpg
0
0
0
0
0
0
0
0
0
0
0
0
0
0
0
0
0
0
0
0
0
0
0
0
0
0
0
0
0
0
0
0
0
0
1
0
0
0
0
0
0
0
1
0
0
0
4
0
0
0
9
0
0
9
0
0
15
0
0
13
0
54
0
0
58
0
88
0
0
64
0
45
0
44
0
34
0
44
0
30
0
47
0
44
0
44
51
0
64
0
69
0
73
78
0
59
66
0
63
72
0
80
107
0
143
146
164
0
166
194
235
0
230
265
274
316
0
382
383
452
492
466
463
0
453
495
469
461
519
477
488
448
501
479
501
516
552
537
610
599
571
614
597
611
674
680
730
715
1424
818
781
839
851
918
930
1934
991
1026
1007
2121
1048
1164
1135
2252
1153
1170
1144
2320
1227
1168
2392
1240
1219
2472
1325
2602
1318
1357
2855
1480
3127
1597
3132
1479
1510
3250
1593
3443
1707
3431
3610
1772
3571
1782
3514
1772
3533
3557
1800
3526
3480
1676
3228
3133
1455
2664
2496
1111
2075
1868
1597
801
1388
1262
1128
942
798
373
675
590
485
471
379
352
259
122
225
184
149
146
111
122
74
87
60
73
75
45
78
36
31
31
15
22
16
13
21
15
9
10
9
20
9
5
10
7
167062.jpg
14
0
0
0
0
0
0
0
0
0
0
0
0
21
0
0
0
0
0
0
0
0
32
0
0
0
0
0
53
0
0
0
0
0
102
0
0
0
216
0
0
0
422
0
0
0
796
0
0
0
1633
0
0
3289
0
0
8119
0
0
23607
0
14803
0
0
7127
0
4898
0
0
3649
0
2786
0
2331
0
1926
0
1647
0
1491
0
1311
0
1213
0
1086
1071
0
962
0
811
0
761
659
0
663
585
0
541
506
0
430
433
0
357
347
316
0
304
285
237
0
229
208
214
173
0
163
150
161
156
132
141
0
124
110
111
109
100
90
99
74
96
106
77
83
74
98
76
65
71
69
83
54
62
64
45
40
98
61
52
43
41
43
37
96
46
35
36
82
40
42
41
73
32
39
32
62
30
34
55
30
29
57
25
51
22
31
47
25
42
12
40
26
14
38
17
40
17
30
30
22
22
13
38
19
30
17
18
33
23
19
38
36
15
21
30
20
28
35
13
10
23
28
34
19
26
18
29
25
24
22
28
28
24
9
31
16
24
23
29
19
28
24
20
32
19
25
44
30
34
34
33
37
54
63
143
121
213
259
395
980
1212
2566
7080
42656
97033.jpg
3
0
0
0
0
0
0
0
0
0
0
0
0
7
0
0
0
0
0
0
0
0
16
0
0
0
0
0
22
0
0
0
0
0
37
0
0
0
64
0
0
0
76
0
0
0
147
0
0
0
225
0
0
297
0
0
452
0
0
500
0
562
0
0
654
0
644
0
0
711
0
683
0
663
0
701
0
685
0
595
0
672
0
620
0
653
628
0
643
0
616
0
673
652
0
607
571
0
569
568
0
597
592
0
565
542
553
0
504
476
493
0
469
452
471
439
0
472
467
392
409
430
370
0
410
422
401
411
465
537
600
597
736
738
809
819
853
867
872
798
755
698
681
636
575
559
561
543
941
475
489
483
463
436
504
960
522
578
627
1257
710
726
713
1547
770
829
834
1687
907
940
2064
1286
1228
2673
1172
1973
926
930
1922
1067
2140
1170
2129
777
800
1376
563
984
435
749
703
332
688
275
549
258
556
498
258
458
489
215
412
484
212
467
525
276
632
684
856
538
1298
1524
1739
1905
1840
816
1588
1181
918
799
688
639
643
312
567
574
635
642
707
682
673
661
652
734
722
876
1596
1216
1212
1158
1150
1040
995
1025
1436
991
1057
1003
1133
1927
1871
3123
5683
9391
304074.jpg
0
0
0
0
0
0
0
0
0
0
0
0
0
0
0
0
0
0
0
0
0
0
0
0
0
0
0
0
0
0
0
0
0
0
5
0
0
0
0
0
0
0
3
0
0
0
6
0
0
0
4
0
0
9
0
0
11
0
0
20
0
14
0
0
26
0
34
0
0
33
0
59
0
59
0
58
0
85
0
112
0
154
0
161
0
171
203
0
225
0
289
0
272
369
0
414
505
0
533
549
0
631
783
0
864
958
1004
0
1107
1131
1247
0
1329
1459
1290
1365
0
1449
1448
1480
1602
1532
1578
0
1499
1405
1460
1348
1307
1246
1141
1129
1056
1048
985
897
935
878
862
823
838
776
790
717
787
743
689
714
1392
722
696
673
699
713
658
1384
717
724
677
1388
714
696
699
1442
758
718
750
1587
806
834
1674
855
908
1862
920
1961
1057
1070
2177
1110
2172
1142
2312
1231
1144
2522
1324
2537
1258
2491
2513
1216
2473
1212
2346
1170
2271
2146
1004
1936
1797
929
1718
1614
773
1543
1468
690
1407
1286
1290
599
1193
1128
1006
907
922
463
861
828
774
751
693
658
548
328
587
494
484
459
419
375
396
360
348
328
289
275
393
228
223
222
206
170
161
167
196
140
119
114
99
134
108
156
170
233
260058.jpg
0
0
0
0
0
0
0
0
0
0
0
0
0
0
0
0
0
0
0
0
0
0
0
0
0
0
0
0
0
0
0
0
0
0
0
0
0
0
0
0
0
0
0
0
0
0
0
0
0
0
0
0
0
0
0
0
0
0
0
0
0
0
0
0
0
0
0
0
0
0
0
0
0
0
0
0
0
0
0
0
0
0
0
0
0
0
0
0
0
0
0
0
0
0
0
0
0
0
0
0
0
0
0
0
0
0
0
0
0
0
1
0
5
17
24
20
0
17
39
31
12
5
4
0
4
6
10
12
15
13
12
18
19
19
17
15
24
20
20
14
27
30
30
27
28
34
29
31
81
65
73
68
68
83
106
193
115
137
144
284
158
185
228
606
328
324
388
759
383
393
847
411
489
1010
623
1455
718
752
1524
772
1637
981
1928
877
907
1908
905
1859
967
2109
1950
930
1958
935
1980
909
1987
2108
1149
2460
2617
1425
2692
2805
1581
3431
3714
1838
3659
3677
3794
1821
3793
3664
3608
3604
3846
1882
3736
4083
4348
4348
4247
3834
3640
1754
3300
3014
2620
2316
2126
1836
1702
1587
1426
1252
965
776
926
497
419
383
260
199
129
85
87
31
32
25
27
35
19
18
3
2
42012.jpg
0
0
0
0
0
0
0
0
0
0
0
0
0
0
0
0
0
0
0
0
0
0
1
0
0
0
0
0
0
0
0
0
0
0
1
0
0
0
7
0
0
0
17
0
0
0
18
0
0
0
49
0
0
106
0
0
167
0
0
290
0
554
0
0
580
0
548
0
0
581
0
643
0
728
0
750
0
786
0
871
0
781
0
760
0
757
723
0
738
0
805
0
816
751
0
788
857
0
901
884
0
817
861
0
835
859
925
0
1068
1217
1184
0
1210
1201
1295
1273
0
1292
1364
1444
1497
1635
1579
0
1563
1619
1575
1632
1582
1629
1591
1600
1588
1615
1655
1760
1771
1769
1779
1636
1706
1716
1540
1549
1573
1499
1555
1385
2749
1300
1266
1167
1115
1171
1099
1996
1020
948
894
1825
872
822
807
1599
798
739
740
1465
691
691
1330
630
636
1242
587
1123
604
516
1051
524
1011
453
997
450
444
888
454
890
414
841
797
433
795
383
763
404
778
737
390
692
658
310
623
643
317
733
645
345
653
686
630
276
615
611
583
609
580
296
661
661
723
706
732
706
778
383
808
883
1099
1154
1253
1184
1315
1092
766
557
611
568
943
619
537
504
479
417
318
216
106
26
16
14
10
8
0
2
1
0
216081.jpg
10
0
0
0
0
0
0
0
0
0
0
0
0
8
0
0
0
0
0
0
0
0
20
0
0
0
0
0
29
0
0
0
0
0
60
0
0
0
85
0
0
0
120
0
0
0
217
0
0
0
323
0
0
583
0
0
1371
0
0
7457
0
5051
0
0
2441
0
1828
0
0
1303
0
1198
0
1041
0
933
0
857
0
883
0
736
0
827
0
738
724
0
725
0
771
0
736
714
0
696
779
0
743
760
0
801
794
0
783
848
810
0
860
859
862
0
883
892
932
906
0
924
926
849
869
874
884
0
907
875
855
834
813
892
841
882
836
866
887
891
898
935
916
864
929
956
968
1004
996
998
1003
1022
2098
1154
1119
1188
1217
1124
1231
2439
1280
1282
1402
2662
1340
1378
1291
2446
1227
1185
1028
2179
1074
1036
1906
881
947
1807
869
1639
781
802
1529
693
1364
654
1172
558
537
1068
486
970
465
896
932
456
861
416
841
378
766
718
350
758
708
327
652
697
296
633
606
321
678
603
564
304
634
611
596
506
504
201
345
319
308
267
275
281
222
94
206
211
204
220
199
179
221
226
225
276
266
271
473
345
383
447
500
524
590
594
1052
815
755
634
547
713
393
257
47
5
37073.jpg
0
0
0
0
0
0
0
0
0
0
0
0
0
0
0
0
0
0
0
0
0
0
1
0
0
0
0
0
0
0
0
0
0
0
2
0
0
0
9
0
0
0
5
0
0
0
12
0
0
0
17
0
0
22
0
0
30
0
0
43
0
44
0
0
59
0
74
0
0
86
0
98
0
126
0
192
0
264
0
357
0
611
0
2200
0
980
702
0
586
0
519
0
535
517
0
549
518
0
556
596
0
570
616
0
634
678
696
0
699
755
756
0
769
740
804
833
0
788
754
773
770
704
665
0
617
563
553
476
451
447
350
428
372
359
385
404
361
379
377
457
430
425
412
441
438
428
444
428
905
428
449
392
435
465
510
989
504
533
540
1134
655
726
961
2522
1667
2180
2712
7254
4545
5318
12131
6600
6593
13171
6180
11183
4745
4145
6527
2348
3385
1100
1413
506
402
556
209
371
129
296
236
104
188
90
139
60
123
121
48
90
89
40
84
69
33
80
67
29
54
44
42
19
39
48
36
29
43
15
31
22
36
28
25
30
27
9
29
20
24
21
19
33
28
20
14
14
16
12
10
8
10
11
17
14
6
4
24
13
7
7
8
18
30
35
46
63
58060.jpg
108
0
0
0
0
0
0
0
0
0
0
0
0
118
0
0
0
0
0
0
0
0
144
0
0
0
0
0
203
0
0
0
0
0
285
0
0
0
410
0
0
0
588
0
0
0
855
0
0
0
1244
0
0
1941
0
0
3606
0
0
9991
0
21148
0
0
6342
0
4467
0
0
3008
0
2362
0
1943
0
1644
0
1443
0
1367
0
1267
0
1193
0
1172
1123
0
1082
0
1028
0
967
940
0
930
865
0
905
861
0
909
808
0
802
779
841
0
817
783
787
0
747
725
711
739
0
734
737
745
775
761
755
0
676
702
741
690
735
753
718
707
780
736
779
804
766
802
820
819
790
804
861
860
818
861
838
914
1793
903
923
975
895
879
901
1751
826
846
819
1546
737
677
661
1306
598
551
545
1033
487
470
831
375
367
732
351
642
337
302
575
257
617
265
538
281
259
518
249
517
235
474
537
254
458
228
462
214
432
414
209
440
427
200
395
393
206
367
382
188
364
336
360
171
336
326
340
286
339
154
320
276
297
299
290
303
343
108
244
270
270
235
244
240
239
223
242
197
223
225
310
203
193
184
210
202
189
182
260
144
135
135
177
261
121
54
11
1
8023.jpg
0
0
0
0
0
0
0
0
0
0
0
0
0
0
0
0
0
0
0
0
0
0
0
0
0
0
0
0
0
0
0
0
0
0
0
0
0
0
0
0
0
0
0
0
0
0
0
0
0
0
0
0
0
1
0
0
0
0
0
0
0
1
0
0
0
0
6
0
0
0
0
2
0
3
0
7
0
11
0
12
0
6
0
9
0
14
13
0
24
0
28
0
21
30
0
23
31
0
25
34
0
35
34
0
27
27
31
0
41
38
43
0
59
50
64
57
0
76
56
64
69
59
66
0
78
86
79
95
120
104
135
150
163
187
229
216
250
243
291
284
369
369
431
471
557
654
707
806
1712
1030
1120
1194
1344
1411
1452
3306
1806
1867
1945
4271
2221
2295
2430
5074
2494
2605
2609
4988
2380
2294
4341
1986
1940
3768
1808
3573
1695
1612
3250
1488
2937
1498
2907
1461
1406
2959
1567
3031
1562
3046
3072
1452
2953
1504
2837
1397
2789
2737
1353
2494
2249
1048
1954
1848
861
1669
1533
759
1381
1200
964
433
807
654
579
488
458
211
379
311
286
262
245
250
238
105
214
176
178
161
186
126
101
121
112
110
86
101
131
79
88
89
79
80
66
61
91
41
27
33
31
50
21
26
18
4
145086.jpg
3
0
0
0
0
0
0
0
0
0
0
0
0
0
0
0
0
0
0
0
0
0
7
0
0
0
0
0
7
0
0
0
0
0
15
0
0
0
26
0
0
0
27
0
0
0
59
0
0
0
78
0
0
164
0
0
342
0
0
688
0
1158
0
0
1540
0
1425
0
0
1203
0
1000
0
1022
0
894
0
772
0
729
0
700
0
628
0
626
552
0
547
0
543
0
538
451
0
488
483
0
572
694
0
1193
1662
0
2079
2026
1929
0
1684
1534
1299
0
1190
1038
908
804
0
723
685
663
659
639
683
0
600
581
520
482
459
433
367
354
349
312
287
302
308
333
295
257
261
245
267
263
286
335
344
435
1140
606
668
580
620
610
691
1403
728
713
777
1484
814
817
817
1539
731
654
688
1588
794
814
1623
808
835
1706
919
1835
913
949
1899
1008
1946
1017
2279
1117
1154
2346
1062
2214
1055
2187
2014
1085
2127
1154
2454
1206
2445
2357
1218
2277
2269
1061
2119
1894
812
1519
1403
681
1269
1091
1006
467
901
805
789
696
573
249
487
463
422
401
364
345
339
171
275
310
286
305
250
309
287
286
315
331
393
414
690
496
596
664
786
793
825
866
1299
831
716
669
622
961
669
1073
902
47
302008.jpg
11
0
0
0
0
0
0
0
0
0
0
0
0
15
0
0
0
0
0
0
0
0
38
0
0
0
0
0
68
0
0
0
0
0
149
0
0
0
273
0
0
0
1039
0
0
0
29797
0
0
0
13533
0
0
14530
0
0
8880
0
0
4439
0
2628
0
0
2020
0
1724
0
0
1571
0
1404
0
1259
0
1015
0
971
0
771
0
731
0
676
0
619
577
0
581
0
529
0
501
456
0
417
425
0
397
395
0
345
375
0
373
334
319
0
330
352
366
0
358
281
328
314
0
306
290
296
301
297
311
0
279
253
283
307
299
287
295
307
317
282
286
273
314
276
301
269
287
289
285
307
302
294
308
306
692
323
335
358
404
378
399
838
424
420
480
846
394
399
379
747
379
417
367
785
396
408
769
411
408
891
465
927
416
472
884
380
804
405
753
380
393
818
397
782
398
743
719
356
800
431
820
366
817
791
367
805
707
359
731
636
306
631
604
310
686
663
658
313
683
765
792
809
793
422
839
736
500
359
321
326
318
172
339
343
339
359
379
480
423
446
405
371
377
344
336
149
108
76
85
115
155
156
99
16
3
0
0
0
0
1
0
1
130026.jpg
0
0
0
0
0
0
0
0
0
0
0
0
0
0
0
0
0
0
0
0
0
0
0
0
0
0
0
0
0
0
0
0
0
0
0
0
0
0
0
0
0
0
0
0
0
0
0
0
0
0
0
0
0
0
0
0
0
0
0
0
0
0
0
0
1
0
0
0
0
0
0
0
0
0
0
0
0
2
0
2
0
3
0
10
0
40
101
0
261
0
686
0
1715
3812
0
3106
2895
0
2729
2513
0
2228
2082
0
1933
1854
1813
0
1776
1624
1669
0
1645
1531
1496
1477
0
1424
1382
1312
1359
1344
1381
0
1327
1257
1367
1306
1370
1260
1276
1362
1267
1318
1292
1235
1214
1128
1098
1126
1114
1069
1077
1071
1074
1022
1005
920
1906
978
970
939
972
969
952
1830
920
865
868
1748
863
813
813
1558
840
804
795
1561
759
788
1509
706
770
1391
693
1384
718
651
1351
645
1325
644
1257
664
587
1221
604
1193
611
1161
1101
544
1086
545
1053
526
947
1043
516
972
961
437
911
932
411
841
826
405
842
768
720
392
702
667
663
630
630
303
561
519
522
496
506
481
412
213
443
404
396
384
341
371
332
318
329
306
326
269
444
292
281
300
255
257
254
291
432
262
282
263
278
538
561
821
949
981
108005.jpg
0
0
0
0
0
0
0
0
0
0
0
0
0
0
0
0
0
0
0
0
0
0
0
0
0
0
0
0
0
0
0
0
0
0
0
0
0
0
0
0
0
0
0
0
0
0
0
0
0
0
0
0
0
0
0
0
0
0
0
0
0
0
0
0
0
0
0
0
0
0
0
0
0
2
0
1
0
1
0
11
0
7
0
14
0
43
83
0
142
0
326
0
532
795
0
862
874
0
793
846
0
844
909
0
966
1028
1074
0
1133
1244
1323
0
1354
1429
1542
1594
0
1655
1788
1801
1935
2054
2081
0
2119
2201
2233
2309
2314
2436
2290
2329
2406
2457
2399
2245
2272
2319
2274
2262
2105
2134
2071
1986
1936
1862
1821
1838
3460
1642
1511
1653
1506
1455
1441
2833
1254
1244
1317
2389
1137
1168
1144
2260
1111
1098
1083
2202
980
965
1861
845
937
1749
839
1642
774
750
1425
681
1416
639
1294
602
599
1038
551
966
435
886
809
383
814
378
733
373
709
636
285
532
466
209
379
359
184
340
319
151
274
283
247
151
270
268
236
227
243
91
192
209
197
209
197
201
187
76
201
168
168
156
165
148
147
142
129
123
122
122
189
102
102
88
110
90
89
87
110
60
65
61
66
141
105
206
274
362
304034.jpg
108
0
0
0
0
0
0
0
0
0
0
0
0
179
0
0
0
0
0
0
0
0
141
0
0
0
0
0
267
0
0
0
0
0
777
0
0
0
2341
0
0
0
1196
0
0
0
828
0
0
0
558
0
0
462
0
0
327
0
0
298
0
252
0
0
267
0
235
0
0
229
0
230
0
249
0
237
0
250
0
251
0
279
0
269
0
270
305
0
290
0
314
0
328
386
0
382
413
0
391
452
0
480
469
0
485
473
506
0
554
484
519
0
599
544
614
597
0
659
673
707
765
735
738
0
713
818
860
885
877
908
952
941
1031
1044
1035
1049
1110
1128
1197
1137
1159
1190
1245
1281
1292
1373
1414
1394
2892
1530
1544
1447
1532
1597
1494
3061
1548
1565
1482
3015
1440
1450
1534
2972
1462
1459
1438
2871
1346
1282
2624
1307
1263
2433
1214
2351
1155
1062
2166
1050
2075
999
1925
922
870
1747
863
1620
785
1452
1426
735
1336
661
1279
621
1208
1142
525
1053
1067
469
1016
943
453
920
858
411
854
765
740
375
750
740
715
665
639
286
611
562
558
529
506
474
470
240
426
430
394
360
396
361
348
309
325
322
299
282
367
256
213
204
229
188
192
185
257
175
144
149
125
239
150
122
75
38
108082.jpg
0
0
0
0
0
0
0
0
0
0
0
0
0
0
0
0
0
0
0
0
0
0
0
0
0
0
0
0
0
0
0
0
0
0
0
0
0
0
0
0
0
0
0
0
0
0
0
0
0
0
0
0
0
0
0
0
0
0
0
0
0
0
0
0
0
0
0
0
0
0
0
2
0
3
0
12
0
34
0
34
0
67
0
106
0
207
385
0
633
0
1265
0
3778
17181
0
13001
5851
0
3652
2810
0
2547
2401
0
2237
2027
1906
0
1870
1697
1736
0
1611
1706
1708
1601
0
1567
1575
1623
1527
1565
1537
0
1583
1475
1430
1419
1435
1449
1368
1359
1308
1239
1271
1270
1217
1200
1191
1100
1036
1105
1048
1041
1026
986
940
877
1712
847
798
819
841
830
802
1506
710
745
700
1361
635
642
712
1190
574
581
560
1082
526
513
1044
484
486
857
431
859
380
394
756
334
619
292
613
306
285
618
274
600
273
545
558
224
451
211
453
213
379
384
167
360
347
155
294
312
158
272
268
138
265
250
243
89
211
216
236
197
208
98
183
185
171
197
177
169
172
79
151
160
157
149
155
152
180
160
142
151
164
157
210
152
146
148
166
128
113
141
203
106
155
138
142
251
220
382
511
550
385039.jpg
3
0
0
0
0
0
0
0
0
0
0
0
0
1
0
0
0
0
0
0
0
0
4
0
0
0
0
0
5
0
0
0
0
0
6
0
0
0
5
0
0
0
6
0
0
0
10
0
0
0
30
0
0
48
0
0
51
0
0
62
0
470
0
0
1078
0
988
0
0
987
0
824
0
562
0
529
0
522
0
405
0
379
0
446
0
424
477
0
471
0
495
0
484
552
0
590
611
0
671
627
0
594
710
0
669
745
752
0
899
1049
1203
0
1316
1491
1689
2159
0
2504
2956
3066
2813
2150
1727
0
1378
1052
845
711
690
605
647
673
632
571
623
679
591
689
700
749
918
994
1055
1261
1338
1504
1559
1813
3929
1961
1969
1908
1903
1930
1834
3630
1769
1721
1635
3113
1358
1347
1271
2300
1095
1043
866
1630
654
649
1113
501
460
814
371
689
353
297
576
237
554
236
491
220
249
430
239
428
210
434
425
224
433
221
420
236
437
419
255
485
461
222
461
515
223
492
547
261
541
580
589
301
645
657
665
704
708
349
734
762
765
756
797
841
879
468
880
938
966
965
1113
1112
1177
1163
1143
1035
990
992
1332
866
800
836
760
693
697
681
886
556
512
437
420
531
264
312
338
519
189080.jpg
0
0
0
0
0
0
0
0
0
0
0
0
0
2
0
0
0
0
0
0
0
0
4
0
0
0
0
0
10
0
0
0
0
0
18
0
0
0
23
0
0
0
70
0
0
0
99
0
0
0
331
0
0
171
0
0
149
0
0
90
0
81
0
0
74
0
46
0
0
57
0
37
0
31
0
36
0
45
0
30
0
30
0
45
0
54
73
0
88
0
119
0
164
189
0
254
284
0
352
373
0
381
340
0
327
306
331
0
297
305
336
0
350
363
386
374
0
416
404
457
531
590
732
0
874
1091
1247
1454
1759
1899
2069
2248
2402
2432
2434
2383
2380
2285
2216
2123
1842
1816
1653
1494
1349
1266
1131
1002
1708
768
692
761
715
699
643
1269
555
615
590
1034
538
465
544
995
472
452
467
883
384
419
820
397
447
872
464
858
457
438
946
498
1072
526
1055
608
537
1159
546
1150
570
1120
1103
467
932
427
859
435
859
855
453
816
828
387
765
717
379
729
750
377
727
691
672
317
623
589
542
547
463
181
477
525
670
797
647
459
512
310
697
514
434
397
388
372
384
381
424
462
563
871
1548
1586
2099
2790
2420
5196
4642
3521
3388
3415
5006
3403
1485
1411
537
351
108
9
12084.jpg
0
0
0
0
0
0
0
0
0
0
0
0
0
0
0
0
0
0
0
0
0
0
0
0
0
0
0
0
0
0
0
0
0
0
0
0
0
0
0
0
0
0
0
0
0
0
0
0
0
0
0
0
0
0
0
0
0
0
0
0
0
0
0
0
0
0
0
0
0
0
0
0
0
0
0
0
0
0
0
0
0
0
0
0
0
0
1
0
0
0
0
0
3
5
0
7
8
0
4
4
0
18
15
0
36
38
84
0
149
279
390
0
525
655
817
977
0
1149
1319
1374
1487
1545
1538
0
1501
1459
1378
1286
1209
1139
1144
1156
1117
1126
1172
1116
1163
1297
1338
1473
1570
1563
1702
1803
1930
2039
2112
2121
4669
2326
2411
2448
2561
2469
2360
4896
2293
2336
2331
4564
2200
2141
2079
4049
1921
1877
1789
3423
1583
1557
2911
1339
1331
2512
1194
2372
1113
1090
2170
1027
1977
1002
1833
885
822
1571
753
1419
691
1371
1301
593
1149
534
1080
498
950
901
438
816
739
340
685
626
339
624
559
282
497
477
436
216
456
398
365
340
320
157
296
256
233
214
227
176
173
79
173
148
152
118
116
108
98
89
59
73
68
43
61
43
33
32
29
17
21
23
18
11
5
10
15
12
14
14
7
14
41069.jpg
0
0
0
0
0
0
0
0
0
0
0
0
0
0
0
0
0
0
0
0
0
0
0
0
0
0
0
0
0
0
0
0
0
0
0
0
0
0
0
0
0
0
0
0
0
0
0
0
0
0
0
0
0
0
0
0
0
0
0
0
0
0
0
0
0
0
2
0
0
1
0
3
0
4
0
7
0
11
0
33
0
71
0
142
0
193
282
0
318
0
325
0
326
294
0
256
215
0
191
206
0
170
181
0
204
222
222
0
233
237
272
0
310
303
317
314
0
357
348
343
384
369
378
0
407
383
350
408
401
429
379
374
385
440
415
397
392
388
454
421
425
395
437
421
479
424
378
423
899
429
405
455
432
466
456
1050
517
495
599
1194
624
687
727
1405
745
763
809
1695
907
882
1850
989
1003
2174
1135
2334
1206
1208
2559
1279
2655
1346
2903
1398
1379
2966
1421
2989
1368
2892
2913
1425
2985
1434
2855
1340
2599
2573
1253
2457
2232
1158
2238
2003
1017
1985
1989
1029
1816
1913
1814
903
1798
1735
1727
1616
1577
756
1450
1366
1423
1307
1277
1190
1213
566
1049
1122
1119
1040
1014
1145
1116
1186
1194
1137
1199
1180
1529
904
885
806
769
642
594
561
651
351
257
172
107
109
46
26
9
6
45096.jpg
0
0
0
0
0
0
0
0
0
0
0
0
0
0
0
0
0
0
0
0
0
0
0
0
0
0
0
0
2
0
0
0
0
0
1
0
0
0
10
0
0
0
16
0
0
0
53
0
0
0
86
0
0
234
0
0
819
0
0
5387
0
28697
0
0
6339
0
4638
0
0
3033
0
2972
0
2685
0
2295
0
2089
0
2405
0
2318
0
2338
0
2600
2570
0
2627
0
2845
0
2615
2477
0
2653
2751
0
2800
2649
0
2627
2542
0
2609
2926
3092
0
3151
3122
2911
0
2612
2235
1765
1436
0
1282
957
865
764
710
687
0
611
632
633
646
672
638
640
585
591
546
512
501
423
407
442
360
355
344
339
289
314
282
292
226
496
213
217
241
208
203
223
395
192
190
179
273
108
122
101
195
70
75
79
122
72
55
135
52
61
110
51
86
46
53
111
58
157
66
122
73
62
135
69
161
95
176
162
85
163
78
151
94
181
188
89
179
150
79
181
160
102
166
173
88
177
177
180
77
179
217
212
212
179
96
172
154
150
155
153
150
148
67
118
131
127
126
98
115
111
118
93
123
114
100
150
60
70
58
48
42
39
52
57
59
47
50
53
99
74
241
18
1
38082.jpg
0
0
0
0
0
0
0
0
0
0
0
0
0
0
0
0
0
0
0
0
0
0
0
0
0
0
0
0
0
0
0
0
0
0
0
0
0
0
0
0
0
0
0
0
0
0
0
0
0
0
2
0
0
1
0
0
2
0
0
5
0
6
0
0
10
0
27
0
0
51
0
67
0
86
0
142
0
242
0
343
0
586
0
935
0
723
688
0
638
0
588
0
552
581
0
562
570
0
587
602
0
590
645
0
592
667
687
0
741
734
790
0
757
756
802
780
0
853
895
892
903
1021
1037
0
1037
1028
1117
1101
1156
1070
1184
1220
1210
1287
1279
1221
1243
1293
1328
1391
1404
1413
1520
1371
1472
1473
1580
1576
3113
1561
1645
1626
1739
1689
1700
3432
1701
1763
1745
3506
1642
1715
1699
3356
1673
1657
1633
3223
1623
1571
3063
1395
1493
2934
1415
2774
1366
1376
2658
1244
2442
1154
2320
1103
1036
2151
1025
1949
895
1757
1689
763
1512
667
1344
633
1221
1197
496
1053
957
436
810
758
350
673
647
318
556
566
490
221
378
378
340
294
282
137
233
196
151
120
78
72
28
11
21
12
7
5
8
6
4
1
3
1
1
1
1
1
0
0
0
0
0
0
0
0
0
0
0
0
0
0
0
0
175032.jpg
0
0
0
0
0
0
0
0
0
0
0
0
0
0
0
0
0
0
0
0
0
0
0
0
0
0
0
0
0
0
0
0
0
0
0
0
0
0
1
0
0
0
1
0
0
0
2
0
0
0
6
0
0
3
0
0
11
0
0
28
0
38
0
0
67
0
76
0
0
113
0
166
0
213
0
225
0
315
0
396
0
511
0
643
0
789
890
0
872
0
870
0
862
797
0
766
809
0
743
789
0
756
780
0
766
778
793
0
762
730
712
0
771
736
675
683
0
756
749
688
797
698
735
0
693
748
728
736
739
776
797
801
831
760
804
765
824
803
784
790
879
876
853
894
889
940
870
914
1867
1023
994
1042
1037
1027
1001
2103
1119
1084
1122
2339
1180
1247
1208
2566
1311
1230
1293
2499
1348
1381
2842
1361
1378
2736
1463
2811
1435
1468
2917
1471
2879
1477
3040
1466
1461
2875
1529
2933
1472
2846
2850
1452
2824
1353
2674
1372
2512
2372
1079
2130
1970
867
1641
1535
647
1198
1087
505
927
799
679
311
518
488
434
392
334
136
258
238
213
194
178
149
123
55
113
105
108
83
69
68
52
67
55
39
49
43
53
36
22
27
21
24
10
13
11
7
10
11
10
14
4
18
13
10
38092.jpg
0
0
0
0
0
0
0
0
0
0
0
0
0
0
0
0
0
0
0
0
0
0
0
0
0
0
0
0
2
0
0
0
0
0
5
0
0
0
4
0
0
0
4
0
0
0
6
0
0
0
10
0
0
7
0
0
2
0
0
6
0
5
0
0
11
0
3
0
0
8
0
10
0
20
0
26
0
46
0
110
0
221
0
337
0
378
474
0
567
0
628
0
676
745
0
738
794
0
726
664
0
657
583
0
593
575
468
0
475
486
451
0
444
383
430
381
0
411
370
410
401
427
379
0
431
402
405
433
424
435
461
426
457
423
441
393
406
452
427
475
432
486
473
490
511
526
491
490
1044
525
484
498
518
505
520
1085
546
505
493
1027
511
509
527
1063
508
548
590
1128
589
608
1154
572
597
1193
588
1165
574
620
1257
591
1264
663
1317
701
695
1360
680
1546
742
1638
1554
895
1714
857
1848
959
1870
1910
971
1926
1941
985
2010
1979
956
1896
1800
857
1760
1795
1749
800
1598
1512
1495
1445
1331
606
1234
1186
1138
1083
1015
877
861
453
736
684
638
628
609
647
913
1028
1174
1369
1978
2074
3228
1886
2389
2371
2439
2709
2634
3060
4671
1866
1049
937
929
1015
625
1190
439
25
182053.jpg
1
0
0
0
0
0
0
0
0
0
0
0
0
1
0
0
0
0
0
0
0
0
0
0
0
0
0
0
3
0
0
0
0
0
10
0
0
0
25
0
0
0
35
0
0
0
59
0
0
0
52
0
0
79
0
0
88
0
0
91
0
92
0
0
142
0
187
0
0
307
0
519
0
743
0
1028
0
1145
0
1218
0
1270
0
1383
0
1300
1192
0
977
0
819
0
648
509
0
407
413
0
274
277
0
202
210
0
210
182
172
0
157
176
170
0
151
163
177
164
0
150
156
173
181
186
184
0
201
199
225
197
238
252
233
216
239
234
263
295
289
239
283
285
326
327
286
321
296
300
329
364
753
340
334
336
399
383
391
800
418
400
430
853
478
442
474
925
455
473
473
940
484
495
950
509
488
970
539
1109
543
619
1364
691
1384
695
1270
644
768
1867
1445
3277
1702
3478
4142
2296
4902
2540
4594
1937
3643
3795
1924
4114
4189
2132
4819
5451
2528
4580
4128
1938
3302
1970
1110
453
832
726
699
669
664
340
632
578
591
541
592
573
592
299
512
538
559
553
502
459
484
489
484
479
473
461
730
449
399
440
418
401
481
392
575
395
368
390
450
708
806
842
453
213
148089.jpg
5
0
0
0
0
0
0
0
0
0
0
0
0
8
0
0
0
0
0
0
0
0
13
0
0
0
0
0
29
0
0
0
0
0
55
0
0
0
87
0
0
0
166
0
0
0
278
0
0
0
419
0
0
663
0
0
1135
0
0
2373
0
2820
0
0
1074
0
917
0
0
846
0
858
0
859
0
837
0
830
0
832
0
871
0
880
0
981
919
0
945
0
1003
0
1060
1130
0
1144
1125
0
1146
1156
0
1202
1178
0
1249
1185
1237
0
1280
1243
1311
0
1283
1310
1266
1335
0
1418
1331
1386
1335
1350
1379
0
1343
1286
1287
1256
1219
1152
1182
1123
1161
1017
1060
1068
998
979
1010
947
930
864
812
831
851
841
806
785
1606
758
763
754
736
742
806
1493
740
722
731
1435
716
689
673
1373
701
648
620
1351
715
693
1407
706
644
1427
684
1307
607
655
1142
604
1048
526
1001
508
468
902
455
899
435
879
867
416
842
434
841
440
791
773
384
869
848
412
827
818
425
870
871
424
889
900
951
447
989
1084
1044
1114
1109
589
1135
1149
1191
1127
1164
1015
1131
549
1031
1103
1121
1134
1082
1035
991
900
854
741
618
448
482
228
179
172
152
187
272
168
173
83
50
41
32
50
14
9
2
1
109053.jpg
0
0
0
0
0
0
0
0
0
0
0
0
0
0
0
0
0
0
0
0
0
0
0
0
0
0
0
0
0
0
0
0
0
0
0
0
0
0
0
0
0
0
0
0
0
0
0
0
0
0
0
0
0
0
0
0
0
0
0
0
0
0
0
0
0
0
0
0
0
0
0
0
0
0
0
0
0
0
0
0
0
0
0
0
0
0
0
0
0
0
0
0
0
0
0
0
0
0
0
1
0
2
2
0
1
2
3
0
12
18
39
0
53
100
131
210
0
221
248
296
334
386
502
0
559
692
836
1080
1215
1293
1334
1283
1330
1445
1542
1429
1457
1647
1860
1921
1972
2186
2293
2167
2146
1943
1953
2042
4180
2024
2063
1982
1988
1993
2099
4073
2057
2028
2035
4020
1979
1997
1936
4031
1925
1902
1835
3722
1788
1815
3433
1748
1560
3189
1609
2992
1428
1378
2711
1339
2398
1146
2179
1000
1016
1957
985
1796
884
1670
1516
742
1290
599
1207
579
1070
1026
519
988
909
421
842
795
376
736
598
296
564
549
499
266
465
442
409
389
352
176
340
352
312
264
259
256
255
122
224
210
210
185
215
171
155
158
141
159
132
161
187
83
111
82
95
94
98
104
104
52
56
41
44
51
40
70
52
60
108070.jpg
0
0
0
0
0
0
0
0
0
0
0
0
0
0
0
0
0
0
0
0
0
0
0
0
0
0
0
0
0
0
0
0
0
0
0
0
0
0
0
0
0
0
0
0
0
0
0
0
0
0
0
0
0
0
0
0
0
0
0
0
0
0
0
0
0
0
0
0
0
0
0
0
0
0
0
1
0
1
0
3
0
7
0
15
0
35
82
0
107
0
277
0
544
1123
0
1421
1458
0
1388
1456
0
1468
1448
0
1534
1637
1733
0
1770
1844
1926
0
1974
2039
2015
2159
0
2172
2319
2311
2414
2432
2551
0
2497
2566
2527
2539
2542
2552
2509
2473
2364
2411
2232
2230
2267
2158
2072
2076
1993
1943
1933
1813
1829
1870
1733
1704
3241
1559
1478
1440
1408
1361
1373
2509
1207
1167
1151
2161
988
987
911
1731
805
854
800
1509
675
677
1282
664
597
1083
551
1050
481
517
900
427
855
393
712
374
366
709
338
656
296
531
583
263
487
233
471
259
426
434
234
363
346
173
359
350
163
344
354
132
291
239
290
136
282
255
265
266
240
107
235
210
223
202
190
172
182
93
181
152
146
157
136
169
135
138
117
139
124
132
213
126
123
105
102
119
110
109
180
135
125
135
131
292
301
368
399
479
16077.jpg
0
0
0
0
0
0
0
0
0
0
0
0
0
0
0
0
0
0
0
0
0
0
0
0
0
0
0
0
0
0
0
0
0
0
0
0
0
0
0
0
0
0
0
0
0
0
0
0
0
0
0
0
0
0
0
0
0
0
0
0
0
0
0
0
0
0
0
0
0
0
0
0
0
3
0
2
0
1
0
3
0
8
0
16
0
20
22
0
31
0
42
0
76
120
0
131
192
0
226
276
0
353
414
0
571
627
693
0
775
768
844
0
1033
1072
1315
1502
0
1663
1777
1860
1792
1798
1787
0
1787
1900
1940
1980
1982
2013
2018
1911
1828
1761
1740
1576
1619
1498
1436
1417
1351
1337
1272
1222
1179
1145
1063
1083
2044
991
1039
1012
953
961
937
1932
887
919
874
1836
897
838
894
1791
841
830
832
1680
814
752
1514
700
684
1307
643
1264
628
590
1199
607
1182
619
1211
630
625
1325
604
1282
675
1423
1301
658
1356
705
1278
683
1249
1301
640
1247
1402
643
1329
1295
654
1270
1359
668
1322
1361
1339
659
1313
1242
1138
1102
1019
474
848
819
661
602
568
526
483
251
476
481
439
477
446
403
415
375
431
388
321
322
497
324
343
317
289
339
356
316
502
357
369
396
446
1014
1312
1923
1691
734
69020.jpg
55
0
0
0
0
0
0
0
0
0
0
0
0
51
0
0
0
0
0
0
0
0
63
0
0
0
0
0
98
0
0
0
0
0
130
0
0
0
227
0
0
0
389
0
0
0
412
0
0
0
364
0
0
264
0
0
186
0
0
174
0
121
0
0
139
0
120
0
0
101
0
112
0
106
0
82
0
101
0
98
0
96
0
73
0
98
81
0
100
0
97
0
118
107
0
112
133
0
122
109
0
119
123
0
146
161
150
0
148
199
197
0
205
172
219
274
0
261
264
256
302
317
296
0
385
351
404
369
424
444
503
509
509
562
599
576
668
699
717
737
781
862
857
986
963
1026
1104
1142
2473
1309
1381
1412
1482
1522
1664
3508
1808
1937
2031
4215
2149
2182
2266
4852
2488
2707
2640
5277
2698
2668
5283
2620
2680
5085
2563
4834
2388
2256
4274
2111
3697
1658
3110
1463
1358
2392
1094
2050
924
1712
1530
729
1339
577
1153
534
1031
1055
456
985
893
463
840
820
366
734
709
340
649
636
622
273
505
498
393
399
339
170
269
230
241
187
172
152
127
52
96
112
79
61
78
61
64
48
59
49
47
34
41
42
24
16
21
24
18
18
21
14
12
6
16
13
9
1
2
1
147091.jpg
2
0
0
0
0
0
0
0
0
0
0
0
0
5
0
0
0
0
0
0
0
0
7
0
0
0
0
0
11
0
0
0
0
0
16
0
0
0
26
0
0
0
36
0
0
0
35
0
0
0
57
0
0
92
0
0
125
0
0
223
0
356
0
0
599
0
1057
0
0
1831
0
2956
0
2894
0
2584
0
2174
0
1764
0
1529
0
1381
0
1184
1128
0
1143
0
1083
0
1055
982
0
1016
934
0
980
947
0
936
916
0
871
890
828
0
870
858
811
0
775
765
741
696
0
715
679
691
674
621
643
0
569
570
568
586
563
550
487
511
477
460
459
422
439
402
409
417
373
411
387
344
368
331
334
332
652
279
292
303
318
287
321
607
265
299
284
579
290
322
296
773
359
342
344
797
366
425
742
399
374
828
426
899
469
487
900
456
954
464
1000
506
508
1039
525
998
598
1169
1267
695
1425
743
1711
923
2042
2307
1271
2677
3561
1931
3954
3145
1256
2062
1748
813
1623
1733
1913
921
1818
1735
1854
2135
2317
1257
2604
2332
1788
1476
1285
1308
964
314
517
500
493
501
511
537
585
480
477
463
492
480
644
515
507
504
558
547
540
514
720
496
397
320
377
682
417
150
46
21
148026.jpg
0
0
0
0
0
0
0
0
0
0
0
0
0
3
0
0
0
0
0
0
0
0
6
0
0
0
0
0
14
0
0
0
0
0
27
0
0
0
49
0
0
0
106
0
0
0
171
0
0
0
355
0
0
685
0
0
1122
0
0
2979
0
4374
0
0
2234
0
1583
0
0
1295
0
1130
0
1036
0
1044
0
1027
0
1059
0
956
0
945
0
946
1040
0
1047
0
1029
0
972
1016
0
1028
950
0
939
915
0
911
846
0
810
735
775
0
748
690
668
0
691
679
687
720
0
645
671
662
634
694
651
0
676
694
665
728
758
751
716
731
701
727
749
717
711
697
686
709
644
692
720
651
641
652
606
610
1210
584
589
570
565
573
565
1003
513
476
484
914
433
451
452
914
430
490
461
967
479
507
1097
595
672
1675
926
1820
826
735
1375
635
1099
498
1041
464
502
898
453
845
407
877
786
411
824
442
777
391
832
703
380
743
687
378
699
738
348
736
728
359
745
713
707
377
689
645
677
654
642
309
654
648
645
612
630
655
710
325
670
702
758
804
805
830
955
1033
1195
1335
1547
1855
3548
2766
2933
2850
2578
2282
1958
1646
2022
1080
802
647
525
646
351
319
189
70
175043.jpg
0
0
0
0
0
0
0
0
0
0
0
0
0
0
0
0
0
0
0
0
0
0
0
0
0
0
0
0
0
0
0
0
0
0
0
0
0
0
0
0
0
0
0
0
0
0
0
0
0
0
0
0
0
0
0
0
0
0
0
0
0
0
0
0
0
0
0
0
0
0
0
0
0
1
0
0
0
1
0
2
0
6
0
16
0
37
46
0
59
0
73
0
92
100
0
158
155
0
241
222
0
263
304
0
360
327
380
0
424
469
499
0
505
520
569
556
0
572
537
541
558
599
626
0
602
609
645
617
622
638
635
645
646
658
703
672
744
702
733
753
721
790
772
793
842
855
878
888
1760
983
918
1036
1025
1080
1146
2405
1235
1246
1344
2713
1462
1504
1498
3225
1587
1640
1704
3353
1744
1772
3548
1777
1828
3627
1758
3624
1847
1770
3673
1867
3544
1750
3514
1710
1719
3335
1670
3075
1463
2909
2799
1387
2653
1290
2395
1151
2281
2180
1055
1965
1750
844
1536
1446
736
1216
1166
564
1042
933
838
392
731
661
629
544
544
246
472
405
393
369
334
338
307
129
315
230
215
208
228
205
167
181
174
150
140
117
182
89
67
75
62
48
78
45
63
38
24
44
28
30
39
41
23
5
361010.jpg
96
0
0
0
0
0
0
0
0
0
0
0
0
80
0
0
0
0
0
0
0
0
149
0
0
0
0
0
191
0
0
0
0
0
283
0
0
0
425
0
0
0
665
0
0
0
1305
0
0
0
1162
0
0
852
0
0
664
0
0
494
0
510
0
0
412
0
414
0
0
415
0
440
0
443
0
438
0
504
0
482
0
522
0
600
0
546
607
0
675
0
593
0
693
649
0
754
761
0
813
864
0
876
945
0
959
987
974
0
1096
1052
1094
0
1105
1150
1092
1138
0
1171
1205
1253
1229
1258
1253
0
1208
1299
1314
1288
1259
1192
1258
1226
1185
1182
1169
1188
1188
1175
1204
1178
1144
1108
1147
1068
992
884
891
889
1646
824
914
851
893
996
957
2112
1075
1138
1169
2483
1300
1413
1490
3166
1653
1725
1832
3968
2008
2042
4044
2018
1924
3915
1994
3757
1920
1945
3758
2072
3862
1914
3653
1730
1671
2655
1062
1415
480
678
407
147
223
68
151
67
134
116
75
141
134
84
207
253
106
187
101
31
63
48
77
31
51
51
53
54
38
19
52
40
45
33
47
46
35
21
39
50
30
45
39
44
45
39
42
41
37
46
52
39
42
33
40
37
36
45
66
41
57
52
57
113
130
211
487
834
123074.jpg
0
0
0
0
0
0
0
0
0
0
0
0
0
0
0
0
0
0
0
0
0
0
0
0
0
0
0
0
0
0
0
0
0
0
0
0
0
0
0
0
0
0
0
0
0
0
0
0
0
0
0
0
0
0
0
0
0
0
0
0
0
0
0
0
0
0
0
0
0
0
0
0
0
0
0
0
0
0
0
0
0
3
0
7
0
16
32
0
45
0
73
0
119
345
0
455
462
0
401
267
0
224
188
0
198
197
220
0
212
231
268
0
261
293
368
319
0
357
383
398
380
443
477
0
492
514
542
538
583
610
637
581
621
658
660
764
701
726
683
772
844
801
839
860
870
762
937
923
1929
980
1025
1035
1096
1026
1054
2163
1157
1144
1096
2281
1178
1257
1293
2559
1355
1362
1327
2695
1312
1344
2637
1338
1354
2771
1331
2738
1353
1338
2749
1365
2565
1256
2491
1242
1256
2359
1082
2308
1160
2275
2423
1171
2453
1183
2391
1147
2397
2291
1113
2260
2224
1096
2250
2315
1130
2252
2147
1092
2044
2000
1861
873
1620
1496
1374
1432
1300
649
1157
1015
890
825
830
786
732
353
669
601
535
530
479
514
505
397
358
293
244
196
248
132
103
98
102
83
62
81
88
45
48
43
40
45
22
25
24
23
19021.jpg
0
0
0
0
0
0
0
0
0
0
0
0
0
0
0
0
0
0
0
0
0
0
0
0
0
0
0
0
0
0
0
0
0
0
0
0
0
0
0
0
0
0
0
0
0
0
0
0
0
0
0
0
0
0
0
0
0
0
0
0
0
0
0
0
0
0
0
0
0
0
0
0
0
0
0
0
0
0
0
0
0
2
0
0
0
5
7
0
29
0
49
0
115
589
0
2014
4274
0
4635
3261
0
2248
1660
0
1527
1321
1223
0
1064
1021
982
0
1027
962
1046
1038
0
1110
1040
1162
1177
1235
1219
0
1326
1217
1271
1292
1241
1271
1255
1268
1240
1246
1245
1220
1214
1254
1308
1294
1241
1281
1268
1315
1243
1341
1334
1444
2960
1479
1491
1560
1557
1661
1669
3361
1567
1671
1728
3447
1762
1719
1735
3359
1657
1667
1615
3243
1538
1466
2760
1294
1290
2416
1143
2152
1041
942
1762
805
1615
731
1314
624
640
1101
512
1021
472
874
762
370
681
303
597
282
607
567
256
513
480
215
371
440
174
377
307
152
286
305
280
113
247
239
260
244
205
111
221
247
224
213
185
206
184
99
220
190
203
176
194
160
153
172
163
167
160
161
231
175
155
182
156
156
157
188
261
166
191
181
155
300
275
401
607
930
14037.jpg
4
0
0
0
0
0
0
0
0
0
0
0
0
8
0
0
0
0
0
0
0
0
11
0
0
0
0
0
27
0
0
0
0
0
33
0
0
0
80
0
0
0
119
0
0
0
212
0
0
0
399
0
0
680
0
0
1464
0
0
9433
0
21005
0
0
2731
0
1438
0
0
978
0
832
0
816
0
822
0
876
0
867
0
872
0
822
0
741
733
0
749
0
704
0
657
664
0
720
714
0
692
692
0
659
667
0
658
661
600
0
585
599
627
0
679
618
625
669
0
650
655
661
642
724
701
0
665
712
709
766
723
678
698
705
683
636
617
575
611
633
522
499
461
442
396
394
311
326
292
245
463
226
199
214
229
285
361
1123
635
796
954
2106
1195
1187
1484
2981
1447
1374
1317
2485
1284
1397
2746
1445
1522
3157
1548
3083
1652
1721
3109
1454
2386
1071
1700
702
684
1373
654
1338
593
1156
1101
524
969
497
972
440
835
810
424
784
740
421
642
671
311
681
678
313
618
598
606
337
599
671
601
592
568
297
543
441
388
354
264
217
178
59
160
137
113
84
82
45
60
63
41
32
32
37
53
24
21
17
21
14
13
16
19
14
18
19
13
27
16
26
26
4
43074.jpg
0
0
0
0
0
0
0
0
0
0
0
0
0
0
0
0
0
0
0
0
0
0
0
0
0
0
0
0
0
0
0
0
0
0
0
0
0
0
3
0
0
0
1
0
0
0
3
0
0
0
6
0
0
4
0
0
12
0
0
13
0
55
0
0
86
0
187
0
0
455
0
485
0
550
0
608
0
467
0
526
0
601
0
677
0
681
634
0
679
0
677
0
810
878
0
935
912
0
1002
1020
0
1038
1181
0
1430
1664
1665
0
1658
1822
1706
0
1624
1737
1839
1754
0
1846
1854
1937
1982
2117
2171
0
2415
2515
2634
2661
2665
2661
2639
2454
2389
2272
2038
1937
1877
1890
1891
1778
1724
1691
1684
1588
1582
1651
1564
1556
2835
1424
1358
1329
1339
1329
1392
2793
1440
1409
1437
2791
1452
1449
1435
2810
1405
1378
1326
2559
1319
1246
2444
1073
1112
2137
1033
2064
957
954
1706
789
1371
672
1046
517
439
796
346
606
293
469
422
162
292
135
257
101
184
154
61
100
81
38
71
60
32
43
40
17
33
23
19
9
18
22
13
9
8
4
8
8
1
3
9
6
6
5
3
10
10
9
7
5
10
6
9
8
4
3
9
4
6
6
3
2
2
2
1
0
1
0
0
0
0
0
0
0
101085.jpg
90
0
0
0
0
0
0
0
0
0
0
0
0
107
0
0
0
0
0
0
0
0
190
0
0
0
0
0
283
0
0
0
0
0
502
0
0
0
646
0
0
0
644
0
0
0
575
0
0
0
512
0
0
484
0
0
460
0
0
444
0
385
0
0
441
0
434
0
0
469
0
463
0
461
0
447
0
541
0
511
0
554
0
506
0
539
587
0
592
0
549
0
617
618
0
613
663
0
679
767
0
736
812
0
817
867
855
0
893
1005
1050
0
1082
1114
1160
1176
0
1248
1343
1344
1360
1404
1491
0
1444
1517
1555
1607
1642
1658
1649
1651
1614
1717
1598
1654
1567
1544
1633
1644
1536
1468
1457
1437
1444
1351
1360
1294
2511
1160
1201
1166
1139
1070
1019
1912
875
870
830
1706
796
779
779
1409
668
632
629
1205
568
596
1117
573
555
1048
584
1034
500
513
994
485
991
483
985
448
505
1011
484
977
482
960
929
485
910
434
967
501
950
968
455
951
921
439
892
919
457
927
965
487
944
886
839
428
876
841
846
857
788
429
773
788
830
788
807
758
687
355
678
613
634
596
582
532
476
441
455
434
403
408
617
364
437
416
415
366
326
307
369
199
192
185
177
268
239
402
808
3565
24077.jpg
34
0
0
0
0
0
0
0
0
0
0
0
0
62
0
0
0
0
0
0
0
0
103
0
0
0
0
0
124
0
0
0
0
0
285
0
0
0
545
0
0
0
684
0
0
0
1505
0
0
0
698
0
0
364
0
0
251
0
0
223
0
188
0
0
182
0
179
0
0
205
0
294
0
348
0
422
0
385
0
320
0
396
0
355
0
398
362
0
439
0
436
0
492
535
0
596
647
0
721
743
0
898
1020
0
1132
1078
1053
0
1194
1389
1372
0
1442
1361
1269
1285
0
1328
1259
1236
1260
1413
1401
0
1136
976
829
815
756
714
683
619
571
541
582
650
734
659
624
603
590
645
601
572
579
626
619
662
1468
846
871
852
842
858
881
1845
911
1042
976
1970
1107
1131
1225
2565
1176
981
866
1638
824
925
1785
849
764
1438
646
1145
538
463
896
442
886
404
882
413
452
856
416
788
447
760
853
403
902
456
848
415
882
857
449
831
777
393
775
717
344
675
644
338
621
659
609
301
651
642
603
604
607
277
563
547
555
577
564
550
578
272
549
553
498
478
484
480
472
527
571
622
603
648
958
637
696
768
824
903
961
928
1399
912
955
1107
1110
1861
1677
2729
5440
9345
105025.jpg
0
0
0
0
0
0
0
0
0
0
0
0
0
0
0
0
0
0
0
0
0
0
0
0
0
0
0
0
0
0
0
0
0
0
0
0
0
0
0
0
0
0
0
0
0
0
0
0
0
0
0
0
0
0
0
0
0
0
0
0
0
0
0
0
0
0
0
0
0
0
0
0
0
0
0
0
0
0
0
0
0
0
0
0
0
0
0
0
0
0
0
0
0
0
0
0
0
0
0
0
0
0
1
0
0
1
1
0
2
6
14
0
22
23
18
33
0
26
47
24
52
48
48
0
63
50
58
52
75
72
71
87
108
92
131
132
131
129
166
171
169
187
211
222
235
241
281
284
599
342
343
338
336
360
349
649
336
349
384
831
415
416
410
899
499
464
477
933
489
505
976
515
526
1106
566
1146
599
629
1255
620
1350
653
1421
711
716
1522
698
1575
762
1595
1701
897
1681
873
1763
922
1822
1790
899
1702
1711
857
1769
1673
825
1534
1463
760
1562
1550
1530
729
1504
1511
1576
1497
1543
740
1624
1566
1588
1505
1537
1569
1491
784
1574
1570
1487
1543
1498
1458
1377
1278
1352
1371
1343
1326
1984
1326
1234
1205
1235
1252
1148
1190
1699
1169
1181
1179
1283
2336
2301
3470
5792
22744
76053.jpg
0
0
0
0
0
0
0
0
0
0
0
0
0
0
0
0
0
0
0
0
0
0
0
0
0
0
0
0
0
0
0
0
0
0
0
0
0
0
0
0
0
0
0
0
0
0
0
0
0
0
0
0
0
0
0
0
0
0
0
0
0
0
0
0
0
0
0
0
0
0
0
0
0
0
0
0
0
0
0
0
0
1
0
0
0
0
0
0
3
0
4
0
4
10
0
14
13
0
18
34
0
35
39
0
61
63
71
0
108
115
136
0
169
182
239
293
0
319
372
499
524
594
659
0
744
792
909
993
1034
1122
1212
1312
1270
1240
1313
1352
1310
1442
1395
1387
1363
1404
1393
1327
1284
1249
1293
1263
2389
1208
1143
1178
1134
1084
1172
2343
1226
1202
1286
2561
1332
1344
1441
2856
1471
1441
1486
3130
1607
1563
3174
1633
1586
3060
1511
3037
1412
1409
2714
1376
2699
1289
2584
1293
1269
2579
1318
2695
1283
2537
2384
1099
2325
1170
2170
1153
2097
2086
1001
1732
1637
782
1569
1608
762
1351
1253
579
1030
975
1060
505
998
967
940
814
844
382
600
634
695
821
894
1202
1164
238
112
61
51
60
49
49
61
63
54
63
61
61
144
92
120
98
116
122
142
148
209
139
129
130
145
225
104
31
3
1
157055.jpg
0
0
0
0
0
0
0
0
0
0
0
0
0
0
0
0
0
0
0
0
0
0
0
0
0
0
0
0
0
0
0
0
0
0
0
0
0
0
0
0
0
0
0
0
0
0
0
0
0
0
0
0
0
0
0
0
0
0
0
0
0
0
0
0
0
0
0
0
0
0
0
0
0
0
0
0
0
0
0
0
0
0
0
0
0
0
0
0
0
0
0
0
0
0
0
0
0
0
1
0
0
1
1
0
2
1
2
0
30
585
842
0
889
614
419
444
0
606
752
808
862
951
1044
0
1055
1077
1121
1007
966
966
1060
917
807
741
679
667
620
562
472
523
437
470
431
389
393
387
359
386
737
343
332
315
314
327
312
695
325
343
320
677
323
361
375
680
346
419
362
839
442
472
900
446
534
1006
554
1112
621
617
1383
720
1470
777
1481
690
683
1495
667
1286
615
1082
945
435
896
478
827
421
833
827
416
866
901
522
1033
1142
624
1357
1761
955
2109
2375
2709
1385
2974
2763
2530
2325
2133
1101
2240
2148
2171
2101
2117
2124
2181
1137
2097
2097
1968
2132
2211
2232
2459
2333
2256
2243
2244
2258
3336
2069
1853
1425
1257
1028
916
743
992
677
596
532
521
718
591
793
1299
1519
21077.jpg
0
0
0
0
0
0
0
0
0
0
0
0
0
0
0
0
0
0
0
0
0
0
0
0
0
0
0
0
0
0
0
0
0
0
0
0
0
0
0
0
0
0
0
0
0
0
0
0
0
0
0
0
0
0
0
0
0
0
0
0
0
0
0
0
0
0
0
0
0
0
0
0
0
0
0
0
0
0
0
0
0
0
0
1
0
0
0
0
0
0
0
0
0
2
0
6
3
0
15
26
0
48
66
0
133
204
211
0
166
168
234
0
314
411
422
531
0
548
598
593
567
666
733
0
748
823
842
853
794
679
661
657
615
606
587
553
579
544
543
551
550
505
484
453
483
510
442
457
1103
603
598
671
701
782
849
2005
1176
1207
1365
3018
1655
1757
1726
3665
1889
1995
1846
3754
1868
1838
3503
1749
1695
3618
1851
3472
1681
1782
3606
1821
3442
1717
3171
1554
1530
3018
1490
2849
1389
2633
2520
1129
2324
1123
2123
1007
1975
1850
896
1613
1487
742
1321
1247
581
1024
915
471
740
670
582
270
504
415
396
337
310
126
270
215
212
200
163
165
166
78
154
149
165
169
153
131
169
128
164
129
147
157
193
135
142
149
143
163
134
172
249
187
177
222
331
1587
4425
4117
2325
2741
196073.jpg
0
0
0
0
0
0
0
0
0
0
0
0
0
0
0
0
0
0
0
0
0
0
0
0
0
0
0
0
0
0
0
0
0
0
0
0
0
0
0
0
0
0
0
0
0
0
0
0
0
0
0
0
0
0
0
0
0
0
0
0
0
0
0
0
1
0
0
0
0
3
0
1
0
3
0
6
0
7
0
8
0
12
0
8
0
17
14
0
19
0
30
0
25
40
0
35
48
0
48
45
0
41
47
0
46
49
45
0
52
48
51
0
52
58
46
43
0
49
47
45
33
42
45
0
53
32
30
36
30
38
45
27
28
40
35
32
43
37
45
40
55
44
36
45
42
46
52
49
120
59
83
69
77
66
83
170
89
104
84
222
134
154
174
312
194
212
258
585
378
325
886
471
568
1339
783
1886
1076
1241
2780
1563
3745
2129
5181
2958
3322
7717
4225
9206
4915
10548
10656
5150
10196
4920
9090
4091
7439
6400
2771
4892
3860
1643
2588
1957
776
1256
942
391
579
402
298
107
206
169
130
103
130
52
90
87
66
56
61
28
45
14
21
21
14
11
8
6
5
4
4
0
1
2
1
0
1
1
0
0
0
0
0
0
0
0
0
0
0
0
0
0
54082.jpg
0
0
0
0
0
0
0
0
0
0
0
0
0
0
0
0
0
0
0
0
0
0
0
0
0
0
0
0
0
0
0
0
0
0
0
0
0
0
1
0
0
0
0
0
0
0
1
0
0
0
1
0
0
5
0
0
6
0
0
5
0
17
0
0
20
0
28
0
0
24
0
40
0
65
0
99
0
103
0
114
0
185
0
213
0
234
277
0
323
0
719
0
379
341
0
244
242
0
256
213
0
222
223
0
195
201
212
0
213
224
209
0
228
219
224
258
0
266
249
246
266
259
266
0
274
311
326
329
356
374
413
448
410
452
505
537
586
602
667
694
694
697
785
786
859
931
958
1005
2323
1333
1523
1531
1823
2269
2533
5633
2940
2710
2469
4846
2385
2403
2441
5058
2317
2478
2431
4304
2104
2145
4119
1891
1904
3768
1950
3835
1935
1753
3396
1591
2853
1279
2501
1167
1128
2339
1070
2277
1132
2028
1856
915
1605
753
1443
740
1464
1482
724
1423
1477
742
1408
1469
726
1253
1187
563
1082
1005
855
440
841
670
448
379
288
134
223
169
110
89
57
32
16
13
22
15
11
7
3
3
2
1
1
1
2
1
0
1
1
0
0
0
0
0
0
0
0
0
0
0
0
0
0
0
33039.jpg
0
0
0
0
0
0
0
0
0
0
0
0
0
0
0
0
0
0
0
0
0
0
0
0
0
0
0
0
0
0
0
0
0
0
3
0
0
0
3
0
0
0
4
0
0
0
5
0
0
0
15
0
0
15
0
0
25
0
0
25
0
43
0
0
45
0
63
0
0
104
0
107
0
154
0
185
0
245
0
307
0
325
0
403
0
415
400
0
394
0
398
0
413
445
0
411
435
0
468
483
0
507
516
0
467
566
603
0
606
593
702
0
724
725
800
784
0
780
818
820
821
849
878
0
898
896
917
865
879
981
986
1085
1022
1092
1024
1048
1036
1120
1097
1073
1108
1081
1093
1161
1148
1127
1130
1108
2137
1095
1076
1099
1103
1097
1128
2183
1054
1045
1094
2204
1027
1025
1075
1924
992
980
975
1933
968
986
1855
961
954
1787
884
1783
959
867
1607
876
1720
831
1634
842
809
1583
822
1611
799
1538
1563
780
1548
793
1573
738
1582
1473
705
1481
1394
745
1332
1339
656
1286
1252
644
1156
1113
1137
518
1070
1066
1018
957
977
448
986
894
903
853
799
781
785
405
763
715
758
721
682
644
650
654
651
661
632
639
881
577
616
531
546
548
509
508
778
506
491
560
516
970
936
1329
1267
618
208001.jpg
0
0
0
0
0
0
0
0
0
0
0
0
0
0
0
0
0
0
0
0
0
0
0
0
0
0
0
0
0
0
0
0
0
0
0
0
0
0
0
0
0
0
0
0
0
0
0
0
0
0
0
0
0
0
0
0
0
0
0
0
0
0
0
0
0
0
0
0
0
0
0
1
0
1
0
1
0
4
0
9
0
14
0
16
0
31
53
0
72
0
118
0
226
336
0
596
1101
0
2331
2919
0
2484
1978
0
1661
1482
1368
0
1339
1305
1245
0
1204
1212
1221
1254
0
1197
1199
1261
1213
1278
1245
0
1282
1224
1340
1330
1278
1303
1307
1341
1313
1331
1340
1394
1379
1369
1441
1413
1519
1485
1576
1495
1639
1640
1558
1646
3395
1700
1684
1573
1623
1623
1626
3110
1508
1481
1411
2743
1339
1241
1225
2368
1099
1095
1092
2064
997
956
1957
971
955
1819
934
1840
925
863
1709
842
1599
792
1445
684
719
1338
632
1274
621
1202
1106
513
925
514
929
421
876
795
360
755
740
350
750
684
345
647
640
324
636
679
630
289
621
547
573
472
476
217
442
403
369
369
333
370
349
146
307
269
275
274
250
220
216
197
187
176
177
189
277
162
166
174
140
142
155
180
254
175
186
227
241
638
754
808
327
71
102061.jpg
0
0
0
0
0
0
0
0
0
0
0
0
0
0
0
0
0
0
0
0
0
0
0
0
0
0
0
0
0
0
0
0
0
0
0
0
0
0
0
0
0
0
0
0
0
0
0
0
0
0
0
0
0
0
0
0
0
0
0
0
0
0
0
0
0
0
0
0
0
0
0
0
0
0
0
0
0
1
0
0
0
5
0
7
0
24
36
0
80
0
139
0
230
286
0
272
250
0
252
278
0
261
297
0
240
234
286
0
315
255
321
0
322
302
275
313
0
329
410
483
602
611
652
0
784
927
1142
1383
1509
1683
1733
1766
1726
1839
1923
1935
1927
1882
1909
1808
1710
1673
1534
1512
1505
1487
1439
1552
2805
1315
1289
1283
1245
1232
1242
2371
1133
1159
1141
2352
1059
1010
1048
1908
883
862
837
1711
827
868
1635
823
788
1686
818
1681
843
850
1644
829
1643
853
1752
780
714
1555
725
1452
745
1346
1419
686
1333
675
1205
581
1194
1172
539
1147
1249
627
1285
1357
728
1309
1148
642
1241
1372
1451
663
1506
1738
1420
1192
1236
570
1083
908
703
701
674
778
885
411
804
674
823
949
965
1021
1067
865
787
806
732
884
1003
307
248
256
275
272
283
298
479
344
310
344
359
565
407
515
652
881
119082.jpg
515
0
0
0
0
0
0
0
0
0
0
0
0
370
0
0
0
0
0
0
0
0
400
0
0
0
0
0
401
0
0
0
0
0
364
0
0
0
428
0
0
0
509
0
0
0
748
0
0
0
1118
0
0
2134
0
0
3953
0
0
2964
0
2067
0
0
1691
0
1597
0
0
1652
0
1498
0
1360
0
1308
0
1269
0
1187
0
1114
0
1032
0
1007
917
0
946
0
884
0
832
795
0
768
725
0
694
602
0
646
604
0
560
577
526
0
545
528
477
0
559
483
502
491
0
469
540
558
543
576
620
0
634
633
620
689
765
880
948
939
990
1009
1109
1036
1064
1025
972
875
849
748
636
611
580
495
506
497
941
474
484
554
527
545
539
1034
519
542
509
1151
555
654
661
1400
787
765
792
1637
790
832
1516
698
700
1145
500
820
373
349
603
261
476
225
505
244
232
442
220
436
249
484
554
289
533
225
470
262
526
503
246
442
430
232
432
455
235
488
537
285
559
624
679
415
974
1196
1607
2106
2966
1521
3105
3108
2925
2896
2597
2431
2309
1063
1932
1642
1431
1160
1085
956
997
1006
940
904
932
769
1123
641
537
422
395
283
213
215
251
126
130
119
142
390
295
231
273
703
86000.jpg
0
0
0
0
0
0
0
0
0
0
0
0
0
0
0
0
0
0
0
0
0
0
0
0
0
0
0
0
0
0
0
0
0
0
0
0
0
0
0
0
0
0
0
0
0
0
0
0
0
0
0
0
0
0
0
0
0
0
0
0
0
0
0
0
0
0
0
0
0
0
0
0
0
0
0
0
0
0
0
0
0
0
0
0
0
2
3
0
5
0
15
0
24
44
0
85
178
0
686
1090
0
1088
914
0
824
784
772
0
804
989
1035
0
1010
1037
972
1126
0
1292
1217
1164
1202
1098
1112
0
1076
1037
1041
966
1023
968
924
989
951
963
1000
1019
1116
1121
1095
1119
1187
1275
1273
1265
1358
1461
1565
1640
3628
1918
2148
2179
2268
2526
2683
5046
2347
2297
2303
4611
2347
2286
2061
4330
2021
1782
1693
3412
1531
1464
2718
1160
1062
1875
812
1491
655
682
1262
606
1213
609
1264
589
576
1137
552
1017
516
1036
983
475
889
438
975
501
873
893
450
834
833
438
750
770
358
816
782
351
798
767
751
392
737
693
738
703
685
379
686
703
618
578
598
544
478
208
366
325
273
211
198
195
183
134
137
118
107
117
192
96
99
96
105
102
96
90
153
136
186
229
242
481
284
140
72
56
296007.jpg
0
0
0
0
0
0
0
0
0
0
0
0
0
0
0
0
0
0
0
0
0
0
0
0
0
0
0
0
0
0
0
0
0
0
0
0
0
0
0
0
0
0
0
0
0
0
0
0
0
0
0
0
0
0
0
0
0
0
0
0
0
0
0
0
0
0
0
0
0
0
0
0
0
0
0
0
0
0
0
0
0
0
0
0
0
0
0
0
0
0
0
0
0
0
0
0
0
0
0
0
0
0
0
0
0
1
8
0
8
16
24
0
60
81
76
118
0
88
92
71
81
78
78
0
74
59
71
62
54
78
101
124
150
245
342
377
411
467
569
569
583
569
568
563
542
482
516
475
918
469
452
449
442
476
469
905
486
511
510
1088
559
572
615
1421
780
816
837
1844
940
959
2111
1111
1125
2411
1259
2801
1399
1416
2938
1467
3027
1358
2872
1450
1372
2695
1285
2398
1147
2303
2167
1021
1981
922
1852
903
1940
1857
1061
2481
3170
2287
7874
13871
7662
14413
11114
3978
4987
2490
1213
367
472
290
181
112
92
38
50
45
30
20
10
7
9
6
8
7
4
4
3
4
1
0
1
0
0
0
0
0
0
1
0
0
1
0
0
0
0
0
0
0
0
0
0
0
bw.png
200
0
0
0
0
0
0
0
0
0
0
0
0
0
0
0
0
0
0
0
0
0
0
0
0
0
0
0
0
0
0
0
0
0
0
0
0
0
0
0
0
0
0
0
0
0
0
0
0
0
0
0
0
0
0
0
0
0
0
0
0
0
0
0
0
0
0
0
0
0
0
0
0
0
0
0
0
0
0
0
0
0
0
0
0
0
0
0
0
0
0
0
0
0
0
0
0
0
0
0
0
0
0
0
0
0
0
0
0
0
0
0
0
0
0
0
0
0
0
0
0
0
0
0
0
0
0
0
0
0
0
0
0
0
0
0
0
0
0
0
0
0
0
0
0
0
0
0
0
0
0
0
0
0
0
0
0
0
0
0
0
0
0
0
0
0
0
0
0
0
0
0
0
0
0
0
0
0
0
0
0
0
0
0
0
0
0
0
0
0
0
0
0
0
0
0
0
0
0
0
0
0
0
0
0
0
0
0
0
0
0
0
0
0
0
0
0
0
0
0
0
0
0
0
0
0
0
0
0
0
0
0
0
0
0
0
0
0
0
0
0
0
0
0
0
0
0
0
0
0
0
0
0
0
0
200
241048.jpg
0
0
0
0
0
0
0
0
0
0
0
0
0
0
0
0
0
0
0
0
0
0
0
0
0
0
0
0
0
0
0
0
0
0
0
0
0
0
0
0
0
0
0
0
0
0
0
0
0
0
0
0
0
0
0
0
0
0
0
0
0
0
0
0
0
0
0
0
0
0
0
0
0
0
0
0
0
0
0
0
0
0
0
0
0
0
0
0
0
0
0
0
0
0
0
0
0
0
0
0
0
0
0
0
0
0
0
0
2
0
2
0
0
4
6
7
0
11
18
27
61
86
107
0
150
201
238
302
346
391
443
475
565
629
627
621
646
638
641
631
636
649
658
619
622
615
621
588
1201
590
586
580
591
604
608
1236
584
557
589
1177
578
576
550
1171
623
577
546
1208
619
631
1306
704
636
1361
611
1333
657
638
1291
671
1317
663
1310
662
657
1301
669
1331
701
1382
1425
747
1673
954
2047
1027
2164
2075
1051
1871
1913
977
1891
1927
959
1957
1913
1001
2083
2113
2181
1049
2124
2148
2133
2135
2121
1044
2014
1974
1946
1770
1725
1615
1603
807
1658
1558
1484
1425
1317
1231
1183
1190
1091
992
994
1033
1497
984
962
893
959
864
876
891
1205
902
834
905
1048
1493
899
935
1196
13679
253027.jpg
0
0
0
0
0
0
0
0
0
0
0
0
0
0
0
0
0
0
0
0
0
0
0
0
0
0
0
0
0
0
0
0
0
0
0
0
0
0
0
0
0
0
0
0
0
0
0
0
0
0
0
0
0
0
0
0
0
0
0
0
0
0
0
0
0
0
0
0
0
0
0
0
0
0
0
0
0
0
0
0
0
0
0
0
0
0
0
0
0
0
0
0
0
0
0
0
0
0
0
0
0
0
1
0
3
2
3
0
7
6
8
0
11
19
28
35
0
37
42
99
144
220
306
0
444
550
637
691
730
766
758
786
845
858
978
1006
1110
1132
1138
1171
1249
1198
1152
1161
1182
1146
1181
1198
2484
1243
1191
1215
1245
1128
1124
2218
1079
1113
1134
2161
1126
1070
1176
2350
1227
1293
1329
2880
1479
1557
3365
1792
1791
3980
2043
4219
2141
2197
4669
2340
4494
2198
4415
2281
2101
4453
2055
3783
1836
3379
3020
1371
2475
1107
1976
864
1689
1610
732
1339
1271
592
1105
1080
505
1024
964
405
801
708
634
276
486
394
383
374
348
177
311
255
257
236
239
219
218
104
207
186
164
168
184
161
174
172
168
146
163
127
247
144
161
138
142
146
145
157
226
165
172
167
159
282
304
680
1202
1803
167083.jpg
224
0
0
0
0
0
0
0
0
0
0
0
0
153
0
0
0
0
0
0
0
0
174
0
0
0
0
0
177
0
0
0
0
0
186
0
0
0
200
0
0
0
226
0
0
0
229
0
0
0
296
0
0
325
0
0
381
0
0
468
0
605
0
0
718
0
1047
0
0
1317
0
2153
0
1783
0
1236
0
951
0
720
0
591
0
540
0
541
479
0
443
0
483
0
447
502
0
436
433
0
417
463
0
494
472
0
496
677
742
0
899
725
1076
0
1313
1331
1153
1097
0
1218
1393
1123
1005
1194
1346
0
1156
1010
1040
1221
1100
941
1165
1262
1025
983
1007
1099
999
972
1083
1010
926
943
985
963
949
959
954
884
1656
879
818
799
784
816
770
1532
723
730
773
1392
737
744
704
1435
684
684
697
1425
698
698
1429
704
728
1421
681
1317
690
741
1338
696
1332
621
1295
669
663
1307
642
1230
635
1234
1190
581
1183
587
1104
544
1118
1129
534
1045
1003
533
1076
1087
517
1047
1008
559
1036
1070
1111
537
1119
1024
1101
1158
1080
528
1216
1176
1211
1152
1189
1211
1137
541
1110
1059
1049
944
974
778
765
694
630
541
466
400
521
337
347
296
295
296
299
278
512
327
339
324
351
580
579
845
1155
1583
295087.jpg
0
0
0
0
0
0
0
0
0
0
0
0
0
0
0
0
0
0
0
0
0
0
0
0
0
0
0
0
0
0
0
0
0
0
0
0
0
0
0
0
0
0
0
0
0
0
0
0
0
0
0
0
0
0
0
0
0
0
0
0
0
0
0
0
0
0
0
0
0
1
0
0
0
1
0
1
0
7
0
8
0
27
0
37
0
60
98
0
186
0
268
0
414
598
0
936
1363
0
1641
1662
0
1752
1623
0
1568
1470
1431
0
1452
1473
1497
0
1509
1422
1497
1538
0
1503
1497
1462
1428
1420
1368
0
1412
1282
1317
1374
1283
1276
1259
1287
1298
1265
1328
1263
1235
1296
1260
1256
1176
1191
1176
1212
1234
1177
1209
1281
2429
1238
1225
1267
1253
1246
1304
2724
1463
1344
1404
2943
1397
1548
1508
3082
1568
1577
1760
3503
1596
1573
2951
1503
1395
2707
1327
2621
1152
1111
2245
1086
2182
1157
2294
1114
1047
2018
995
1872
958
1653
1563
670
1242
623
1234
588
1027
947
407
756
637
309
502
559
262
519
572
282
537
496
426
234
394
375
326
331
278
123
206
173
113
123
106
131
136
43
62
33
33
23
16
12
10
5
11
5
5
0
6
4
1
1
3
4
2
0
3
2
0
2
1
1
0
1
0
0
210088.jpg
0
0
0
0
0
0
0
0
0
0
0
0
0
0
0
0
0
0
0
0
0
0
0
0
0
0
0
0
0
0
0
0
0
0
0
0
0
0
0
0
0
0
0
0
0
0
0
0
0
0
0
0
0
0
0
0
0
0
0
0
0
0
0
0
0
0
0
0
0
0
0
0
0
0
0
0
0
0
0
0
0
0
0
0
0
0
0
0
0
0
0
0
0
0
0
0
0
0
0
0
0
0
0
0
0
1
0
0
0
2
9
0
31
31
51
69
0
99
142
198
302
354
438
0
522
506
555
566
587
683
790
773
863
833
922
872
965
1076
1129
1258
1350
1519
1528
1674
1695
1610
1697
1789
3725
2051
2166
2209
2056
2121
2007
4165
2052
2151
2227
4739
2516
2656
2711
5233
2602
2666
2723
5191
2334
2241
4314
1878
1911
3257
1502
2513
1164
1133
2079
929
1678
719
1470
660
674
1238
550
1076
487
1005
979
504
881
438
855
402
852
765
382
736
660
367
644
713
365
723
743
343
736
748
795
381
711
819
835
832
807
410
862
828
865
814
793
752
742
349
668
617
620
602
535
531
543
477
428
430
403
355
500
281
275
260
222
228
190
184
293
192
171
160
162
189
95
46
29
16
